,dist
6141d279ee0a3fd43fb47b1d.json,30.0
61423dff31cf3ef3d4a9f402.json,30.414213562373096
61425c963ac25c70a5c6cb97.json,28.0
6142cb6a31cf3ef3d4a9f62e.json,7.242640687119285
6141d21131cf3ef3d4a9ee7a.json,31.23606797749979
6141f2dbee0a3fd43fb47d9b.json,30.82842712474619
61421a053ac25c70a5c6cabb.json,28.414213562373096
61420eee3ac25c70a5c6ca97.json,30.414213562373096
6141f47a4e27a1844a5f0470.json,55.0
61420fc3ee0a3fd43fb47e67.json,30.82842712474619
6141d6bd31cf3ef3d4a9ef40.json,7.242640687119285
6141cf171d648932fbc3428f.json,49.236067977499786
6141d7274e27a1844a5f0206.json,30.162277660168378
614235359cbada84a8676ccf.json,54.41421356237309
614259d74e27a1844a5f0798.json,53.0
6144e2694e27a1844a5f0ada.json,53.41421356237309
61420cbeee0a3fd43fb47e59.json,31.82842712474619
6142080aee0a3fd43fb47e3d.json,31.0
614262023ac25c70a5c6cba5.json,28.0
6141cf1bee0a3fd43fb479e9.json,30.414213562373096
6141f5f7baaf234b35290522.json,54.0
6141f2cf4e27a1844a5f0458.json,33.84161925296378
61427f6a4e27a1844a5f082a.json,54.41421356237309
6141fe86baaf234b35290564.json,54.41421356237309
6141dad59cbada84a8676a19.json,52.0
6141e2304e27a1844a5f0332.json,54.0
6141d1e74e27a1844a5f0130.json,51.0
6141f910baaf234b35290538.json,54.0
6141e5dabaaf234b3529045e.json,54.41421356237309
6142206d3ac25c70a5c6cad7.json,30.0
6141d0103ac25c70a5c6c881.json,30.414213562373096
614219b031cf3ef3d4a9f2f4.json,9.019764837837084
6142466e4e27a1844a5f0724.json,54.0
6141cf319cbada84a86767ef.json,54.0
6141d3be4e27a1844a5f0188.json,31.23606797749979
6141f15bee0a3fd43fb47d89.json,30.0
6141e98b31cf3ef3d4a9f0da.json,12.00389691313216
6141dc1631cf3ef3d4a9efda.json,8.60555127546399
6141cf2931cf3ef3d4a9ed62.json,30.0
6142bd594e27a1844a5f0908.json,34.12310562561766
6141d0719cbada84a867688f.json,52.0
6141d3459cbada84a867692f.json,52.0
614209924e27a1844a5f0568.json,53.0
6141fbce4e27a1844a5f04d8.json,54.41421356237309
6141e0683ac25c70a5c6c97d.json,31.23606797749979
614201973ac25c70a5c6ca5d.json,30.414213562373096
6141f1c9baaf234b35290500.json,52.0
61423bb04e27a1844a5f06e8.json,54.0
6141e4ff9cbada84a8676adb.json,54.0
6141cfb2baaf234b35290200.json,54.0
61422ec33ac25c70a5c6cb13.json,28.0
6141d12731cf3ef3d4a9ee40.json,9.23606797749979
614258363ac25c70a5c6cb91.json,30.0
614217ce31cf3ef3d4a9f2e8.json,10.89292222699217
6141d0463ac25c70a5c6c889.json,30.0
6141d05d4e27a1844a5f00c6.json,54.0
61420bdbee0a3fd43fb47e53.json,30.414213562373096
61423e95baaf234b35290684.json,54.0
61421a0e31cf3ef3d4a9f2f6.json,28.0
6141d069ee0a3fd43fb47a9f.json,30.414213562373096
6142100b3ac25c70a5c6ca9d.json,30.82842712474619
6142195dbaaf234b352905f4.json,54.41421356237309
6141d8c43ac25c70a5c6c92b.json,30.414213562373096
6141d1634e27a1844a5f0110.json,32.41421356237309
6141d6573ac25c70a5c6c909.json,28.0
61424dd84e27a1844a5f0754.json,32.0
6142488c31cf3ef3d4a9f42e.json,30.0
61425e11baaf234b352906ca.json,54.41421356237309
614247df4e27a1844a5f072c.json,55.0
6142a4924e27a1844a5f08c4.json,54.41421356237309
614217adee0a3fd43fb47e85.json,28.0
6141d54b31cf3ef3d4a9ef0e.json,7.414213562373095
6142710b4e27a1844a5f07f4.json,34.65685424949238
614212124e27a1844a5f05c0.json,34.0
6141e5ee4e27a1844a5f0380.json,32.0
6141d46eee0a3fd43fb47b6d.json,28.0
6142106dbaaf234b352905ce.json,54.0
6141d00531cf3ef3d4a9ede6.json,8.478708664619074
6141d92fee0a3fd43fb47bfb.json,31.0
6143e71031cf3ef3d4a9f7a8.json,30.0
6141e2ef31cf3ef3d4a9f06e.json,32.236067977499786
61423d3f31cf3ef3d4a9f400.json,8.60555127546399
6141d6a99cbada84a86769ab.json,54.0
6141e1329cbada84a8676a9d.json,54.41421356237309
6141e1fc31cf3ef3d4a9f05a.json,31.0
6141d025ee0a3fd43fb47a87.json,31.0
6142856a31cf3ef3d4a9f556.json,10.414213562373096
6141e28b31cf3ef3d4a9f068.json,10.70820393249937
6141d2823ac25c70a5c6c8c5.json,30.414213562373096
6141d7c54e27a1844a5f0218.json,30.23606797749979
6141d6e431cf3ef3d4a9ef44.json,31.23606797749979
61429380baaf234b35290708.json,54.0
6141e6bf4e27a1844a5f0392.json,30.0
6141cf294e27a1844a5f001c.json,54.0
6141e1804e27a1844a5f0322.json,55.236067977499786
6142c5e131cf3ef3d4a9f61c.json,31.414213562373096
614214a0baaf234b352905dc.json,54.0
6144b4283ac25c70a5c6cd95.json,30.0
6142163631cf3ef3d4a9f2dc.json,10.23606797749979
61424a3331cf3ef3d4a9f438.json,30.414213562373096
6141dbd3ee0a3fd43fb47c41.json,31.650281539872886
6141cf22a05be5973bd77a7d.json,48.0
6142f77031cf3ef3d4a9f6a0.json,31.23606797749979
614264fe31cf3ef3d4a9f4d2.json,9.16227766016838
6141e882ee0a3fd43fb47d19.json,31.23606797749979
6143b18631cf3ef3d4a9f78c.json,31.23606797749979
6141eee49cbada84a8676b57.json,51.0
6141db17baaf234b352903b4.json,52.0
614335d231cf3ef3d4a9f708.json,6.82842712474619
614230134e27a1844a5f06a2.json,54.0
6141f27cee0a3fd43fb47d95.json,30.0
6141d5ccbaaf234b3529032e.json,54.0
6141d9ce4e27a1844a5f0258.json,52.0
6141cf863ac25c70a5c6c867.json,28.414213562373096
6141d00951c1cbd9654b888e.json,48.0
614341194e27a1844a5f0a0c.json,35.12310562561766
61420ecd9cbada84a8676c61.json,55.0
6143c1d44e27a1844a5f0a7a.json,54.0
6141cf1b3ac25c70a5c6c841.json,30.0
6143d03e3ac25c70a5c6cd39.json,30.0
6141f70eee0a3fd43fb47dc3.json,30.414213562373096
614205749cbada84a8676c1d.json,54.0
614212e731cf3ef3d4a9f2c2.json,6.0
6142e1014e27a1844a5f0964.json,32.57649122254148
6141d1ef4e27a1844a5f0132.json,32.60555127546399
614688ce31cf3ef3d4a9f83a.json,30.82842712474619
6142f7d54e27a1844a5f0992.json,54.41421356237309
6143f5af31cf3ef3d4a9f7b2.json,31.414213562373096
614220b04e27a1844a5f062c.json,52.0
6141d7d49cbada84a86769cf.json,55.236067977499786
6141e0c7baaf234b35290410.json,54.0
614200eb3ac25c70a5c6ca59.json,31.0
6141d7349cbada84a86769bb.json,55.236067977499786
6142539a3ac25c70a5c6cb7f.json,31.23606797749979
6141d0aabaaf234b35290254.json,54.41421356237309
614234ec4e27a1844a5f06be.json,54.0
6141dd32baaf234b352903d4.json,54.41421356237309
61420d3a4e27a1844a5f058c.json,30.162277660168378
6141cf4b3ac25c70a5c6c857.json,30.414213562373096
6141f6893ac25c70a5c6ca1f.json,31.650281539872886
6142bcbd4e27a1844a5f0906.json,54.0
6141d6869cbada84a86769a7.json,54.41421356237309
61440fee31cf3ef3d4a9f7d0.json,9.019764837837084
6141ed9a31cf3ef3d4a9f112.json,6.414213562373095
6141d1cf9cbada84a86768eb.json,54.41421356237309
6141fa2f4e27a1844a5f04c0.json,54.0
6141e184ee0a3fd43fb47cad.json,31.0
6141e2eb9cbada84a8676ab7.json,52.0
6141cf8eee0a3fd43fb47a49.json,30.414213562373096
6141f75c4e27a1844a5f0498.json,54.0
6141cff0baaf234b3529021a.json,54.41421356237309
6142194331cf3ef3d4a9f2f2.json,8.414213562373096
6143724c4e27a1844a5f0a40.json,54.0
6141d0c59cbada84a86768a9.json,54.0
6141cf3dee0a3fd43fb47a13.json,31.650281539872886
6141cf744e27a1844a5f005c.json,54.0
61420e4d31cf3ef3d4a9f29a.json,30.414213562373096
6141e0034e27a1844a5f0304.json,30.414213562373096
61426cea31cf3ef3d4a9f4f6.json,30.0
6141cf60ee0a3fd43fb47a2f.json,30.0
6141d5e8baaf234b35290332.json,54.41421356237309
6146dd853ac25c70a5c6cdeb.json,30.414213562373096
6141cf6fcc0e69a0cf28ab63.json,24.0
6141e60731cf3ef3d4a9f09e.json,31.414213562373096
61424c064e27a1844a5f0748.json,54.41421356237309
6141e1c1baaf234b35290420.json,54.0
6141d889baaf234b3529037a.json,55.236067977499786
61421dfe31cf3ef3d4a9f31a.json,10.70820393249937
61429a26ee0a3fd43fb47f71.json,31.23606797749979
6141cf11cc0e69a0cf28ab37.json,48.0
61422b5d31cf3ef3d4a9f388.json,30.414213562373096
6141dbf14e27a1844a5f0294.json,33.01976483783709
6141eb094e27a1844a5f03dc.json,33.242640687119284
6141d1063ac25c70a5c6c8a1.json,31.23606797749979
6141f4b54e27a1844a5f0474.json,55.236067977499786
61422ce3ee0a3fd43fb47edd.json,31.23606797749979
6141dfb74e27a1844a5f02fc.json,30.605551275463988
6142db4e3ac25c70a5c6cc5d.json,28.0
6142a01c3ac25c70a5c6cc17.json,31.23606797749979
614201e131cf3ef3d4a9f210.json,8.06449510224598
6142c22f3ac25c70a5c6cc3d.json,30.414213562373096
6142791731cf3ef3d4a9f524.json,12.23606797749979
6141cfd34e27a1844a5f008e.json,54.0
6141e1d831cf3ef3d4a9f058.json,10.65685424949238
6141d3acbaaf234b352902e6.json,55.236067977499786
6141fef04e27a1844a5f04fe.json,31.23606797749979
6141d08e4e27a1844a5f00d6.json,54.41421356237309
6142253f31cf3ef3d4a9f358.json,8.0
6141d64c31cf3ef3d4a9ef30.json,9.242640687119284
614202353ac25c70a5c6ca61.json,29.23606797749979
6141d1bd4e27a1844a5f0126.json,55.0
61421d7f31cf3ef3d4a9f316.json,31.23606797749979
6141d1743ac25c70a5c6c8ad.json,31.414213562373096
6141d1a4baaf234b3529028c.json,54.41421356237309
6141e22e9cbada84a8676aad.json,52.0
614207099cbada84a8676c29.json,54.0
6141cf329cbada84a86767f1.json,54.0
6141cfb89cbada84a867684d.json,55.0
614215c24e27a1844a5f05dc.json,29.23606797749979
614288a631cf3ef3d4a9f562.json,30.414213562373096
6143dbd34e27a1844a5f0a82.json,54.41421356237309
6141d671ee0a3fd43fb47bb3.json,28.414213562373096
6141cf13b842c2e72e2f2d4c.json,48.0
6141d2919cbada84a8676911.json,54.0
6141f8d7ee0a3fd43fb47dd9.json,30.414213562373096
6144390e3ac25c70a5c6cd6f.json,30.414213562373096
6141d854baaf234b35290374.json,53.41421356237309
61427b299cbada84a8676d51.json,51.0
6142eee64e27a1844a5f0982.json,52.0
6141ee869cbada84a8676b51.json,54.0
6141d67e4e27a1844a5f01f0.json,54.0
61424f664e27a1844a5f075e.json,31.650281539872886
6141d93131cf3ef3d4a9ef8a.json,12.261297173761164
6141cf173ac25c70a5c6c83d.json,29.0
6141de4e9cbada84a8676a67.json,55.236067977499786
6141d0f99cbada84a86768b5.json,52.0
61422577baaf234b35290632.json,54.0
614351224e27a1844a5f0a1e.json,33.47213595499958
6142511d31cf3ef3d4a9f462.json,8.47213595499958
6141d1859cbada84a86768d9.json,53.0
6141ede7ee0a3fd43fb47d5f.json,31.414213562373096
6141d9f64e27a1844a5f025c.json,54.0
6142531e4e27a1844a5f0778.json,54.41421356237309
6141cf3bcc0e69a0cf28ab5b.json,48.0
61422a4f4e27a1844a5f0674.json,33.0
61420ebbee0a3fd43fb47e61.json,30.82842712474619
6141de69baaf234b352903ec.json,54.0
614277b74e27a1844a5f080a.json,54.0
6142b820ee0a3fd43fb47f83.json,30.414213562373096
6141d62bee0a3fd43fb47ba9.json,30.0
6141ecb0ee0a3fd43fb47d55.json,30.414213562373096
6142e6093ac25c70a5c6cc69.json,31.650281539872886
6142f8a431cf3ef3d4a9f6a4.json,30.0
6141d6d04e27a1844a5f01fc.json,54.0
6141f9d54e27a1844a5f04bc.json,55.236067977499786
6141de0631cf3ef3d4a9f004.json,8.242640687119284
6141fb8e31cf3ef3d4a9f1ce.json,7.0
6142209531cf3ef3d4a9f332.json,31.23606797749979
6142246531cf3ef3d4a9f352.json,31.23606797749979
6141d70a31cf3ef3d4a9ef48.json,32.236067977499786
614248dd9cbada84a8676cff.json,54.0
6142a8c831cf3ef3d4a9f5ce.json,9.576491222541474
6141cfd2ee0a3fd43fb47a69.json,30.0
6141d7c631cf3ef3d4a9ef60.json,28.414213562373096
6141e470ee0a3fd43fb47cdf.json,28.414213562373096
6141f6d39cbada84a8676b9f.json,56.16227766016838
6142654c31cf3ef3d4a9f4d4.json,30.414213562373096
6141ec6bee0a3fd43fb47d51.json,28.0
6141ec9f9cbada84a8676b3b.json,54.41421356237309
6141d75dee0a3fd43fb47bcb.json,28.0
61433f774e27a1844a5f0a0a.json,54.41421356237309
6141cf11ae4fb853db2e3f14.json,43.0
6141fc8531cf3ef3d4a9f1d4.json,10.255832815336873
614238c84e27a1844a5f06d2.json,54.0
614206b24e27a1844a5f054a.json,54.0
6141de55baaf234b352903ea.json,52.0
614468303ac25c70a5c6cd7d.json,31.650281539872886
6141cfa09cbada84a8676841.json,54.41421356237309
614279dd4e27a1844a5f0814.json,54.0
6141cfe831cf3ef3d4a9edda.json,31.23606797749979
614341633ac25c70a5c6ccd1.json,30.414213562373096
6141f54a3ac25c70a5c6ca19.json,30.414213562373096
6141ec5331cf3ef3d4a9f102.json,30.414213562373096
6141fff94e27a1844a5f050c.json,55.236067977499786
6141d1e2ee0a3fd43fb47afb.json,30.82842712474619
614220f5ee0a3fd43fb47eb7.json,28.0
6141d4eabaaf234b35290312.json,54.41421356237309
6141ec1b3ac25c70a5c6c9d9.json,31.23606797749979
6142febc31cf3ef3d4a9f6ae.json,28.0
6141ef879cbada84a8676b5f.json,55.236067977499786
6144fd8b31cf3ef3d4a9f816.json,10.30056307974577
6141f4069cbada84a8676b8b.json,54.0
6141cfa4ee0a3fd43fb47a55.json,28.414213562373096
6141fc764e27a1844a5f04e2.json,54.0
6141fb9fbaaf234b3529054c.json,53.0
6141f477ee0a3fd43fb47dab.json,28.0
6143af9d4e27a1844a5f0a70.json,32.41421356237309
6141eded4e27a1844a5f040a.json,54.41421356237309
6142a5504e27a1844a5f08c8.json,54.0
6141cf2abaaf234b352901aa.json,54.0
6142834931cf3ef3d4a9f54c.json,32.0
6141cffabaaf234b3529021e.json,53.0
6141d80a3ac25c70a5c6c923.json,31.23606797749979
6142abcd31cf3ef3d4a9f5d6.json,10.242640687119284
6141fba89cbada84a8676bcb.json,54.0
6142955f9cbada84a8676d6b.json,54.0
614226ea3ac25c70a5c6caf5.json,31.23606797749979
614289564e27a1844a5f0856.json,33.39834563766817
6141d73731cf3ef3d4a9ef4e.json,6.414213562373095
6142580b31cf3ef3d4a9f492.json,31.650281539872886
61432baf4e27a1844a5f09ee.json,54.41421356237309
6141d1f69cbada84a86768f1.json,53.0
61430acf4e27a1844a5f09b8.json,54.0
6141dacbbaaf234b352903b2.json,54.0
614275d631cf3ef3d4a9f51c.json,31.650281539872886
6141d0754e27a1844a5f00ce.json,54.0
6141cf36ee0a3fd43fb47a0d.json,30.0
6141cfa831cf3ef3d4a9edbe.json,31.0
6141cf749cbada84a8676827.json,55.0
6143fae931cf3ef3d4a9f7ba.json,9.886349517372675
6141d4c031cf3ef3d4a9eef8.json,4.60555127546399
6141cf609cbada84a8676819.json,54.0
6141d23d3ac25c70a5c6c8bf.json,31.650281539872886
61427945baaf234b352906ee.json,54.0
614244343ac25c70a5c6cb55.json,28.0
6141cf769cbada84a8676829.json,52.0
6142f73f4e27a1844a5f0990.json,34.24516545721839
6141d74531cf3ef3d4a9ef50.json,31.23606797749979
6141d9c9baaf234b35290398.json,54.41421356237309
614225f54e27a1844a5f065a.json,55.236067977499786
6142dcd74e27a1844a5f0958.json,53.41421356237309
6141de393ac25c70a5c6c967.json,30.414213562373096
6142606f4e27a1844a5f07b6.json,32.3851648071345
6142b76f31cf3ef3d4a9f5fc.json,5.23606797749979
6141e54bbaaf234b35290452.json,54.0
6141d864baaf234b35290376.json,53.0
6141db70baaf234b352903bc.json,54.0
614277163ac25c70a5c6cbdb.json,30.82842712474619
6142013731cf3ef3d4a9f20a.json,10.70820393249937
6141d0ee31cf3ef3d4a9ee32.json,30.0
6145b8f24e27a1844a5f0af6.json,32.82842712474619
614286e33ac25c70a5c6cbf3.json,29.23606797749979
6141d0dd31cf3ef3d4a9ee2e.json,30.0
6144582d4e27a1844a5f0abe.json,55.236067977499786
6141e592baaf234b35290458.json,54.0
6142084e31cf3ef3d4a9f256.json,28.0
614333103ac25c70a5c6ccc1.json,31.414213562373096
6141d809baaf234b3529036e.json,52.0
6141d12e31cf3ef3d4a9ee42.json,9.414213562373096
6141cf23cc0e69a0cf28ab53.json,26.605551275463988
6141d19bbaaf234b3529028a.json,54.0
6141cf1fee0a3fd43fb479ef.json,30.0
6142547231cf3ef3d4a9f476.json,30.0
6141cfe331cf3ef3d4a9edd8.json,10.16227766016838
6142cce031cf3ef3d4a9f632.json,11.576491222541474
614212ce4e27a1844a5f05c4.json,32.57649122254148
6141cf2bbaaf234b352901ac.json,54.0
6141f80e4e27a1844a5f04a2.json,52.0
614211354e27a1844a5f05b4.json,30.414213562373096
6143a9d64e27a1844a5f0a68.json,54.41421356237309
6143857a3ac25c70a5c6cd0b.json,31.23606797749979
61423cafbaaf234b3529067e.json,54.0
6142266931cf3ef3d4a9f362.json,30.414213562373096
6142693dee0a3fd43fb47f55.json,28.0
614248bd31cf3ef3d4a9f430.json,7.242640687119285
61466e8731cf3ef3d4a9f838.json,9.95153275036385
6142683eee0a3fd43fb47f51.json,31.650281539872886
6142692831cf3ef3d4a9f4e6.json,9.39834563766817
6141d78cbaaf234b35290360.json,54.0
6141e146ee0a3fd43fb47ca9.json,30.414213562373096
6141cf194e27a1844a5efffe.json,30.162277660168378
6141d2424e27a1844a5f0142.json,34.41421356237309
6141d71831cf3ef3d4a9ef4a.json,31.23606797749979
6141cfe54e27a1844a5f0096.json,31.0
614254e231cf3ef3d4a9f478.json,30.414213562373096
6141d5cfee0a3fd43fb47b9d.json,30.0
614398c631cf3ef3d4a9f77a.json,4.414213562373095
6141d6c34e27a1844a5f01fa.json,54.41421356237309
6142152931cf3ef3d4a9f2d4.json,8.23606797749979
6141e17531cf3ef3d4a9f052.json,30.414213562373096
6141d2e8baaf234b352902c8.json,54.0
61421652baaf234b352905e8.json,54.41421356237309
6141d28431cf3ef3d4a9ee92.json,10.06701987234509
6141cf6cee0a3fd43fb47a37.json,30.414213562373096
6141cf8bbaaf234b352901ee.json,54.41421356237309
6144aa6b3ac25c70a5c6cd8d.json,31.0
61422907ee0a3fd43fb47ed3.json,28.0
6141d7354e27a1844a5f0208.json,54.0
61424dcf31cf3ef3d4a9f44a.json,30.414213562373096
6141f77bbaaf234b35290530.json,54.0
614215a49cbada84a8676c77.json,52.0
61423a3f3ac25c70a5c6cb39.json,31.0
6141cfdbee0a3fd43fb47a6d.json,32.236067977499786
6144acb53ac25c70a5c6cd8f.json,31.23606797749979
6141d3819cbada84a8676939.json,54.0
6141f5944e27a1844a5f0480.json,33.12310562561766
6141cf2b9cbada84a86767e7.json,54.0
6141cf303ac25c70a5c6c84d.json,31.650281539872886
614205219cbada84a8676c19.json,54.0
6141ed27ee0a3fd43fb47d59.json,31.23606797749979
61428da34e27a1844a5f086a.json,54.41421356237309
6142926631cf3ef3d4a9f58a.json,7.0
6142391e4e27a1844a5f06d6.json,31.650281539872886
6141d6624e27a1844a5f01ec.json,34.12310562561766
6141eb2aee0a3fd43fb47d41.json,30.0
6141d3c84e27a1844a5f018a.json,29.0
6141dafaee0a3fd43fb47c2d.json,30.414213562373096
614282d14e27a1844a5f0838.json,55.0
614229b231cf3ef3d4a9f37a.json,10.70820393249937
6141d77d4e27a1844a5f0210.json,33.65685424949238
614275af9cbada84a8676d4d.json,55.236067977499786
61420c779cbada84a8676c53.json,54.0
6141ebb54e27a1844a5f03e4.json,30.0
61427f4231cf3ef3d4a9f540.json,30.414213562373096
6141d0574e27a1844a5f00c4.json,54.41421356237309
6141d93eee0a3fd43fb47bfd.json,30.414213562373096
6143736231cf3ef3d4a9f75e.json,7.414213562373095
6141f6d84e27a1844a5f0494.json,31.23606797749979
6141d29a3ac25c70a5c6c8c7.json,30.414213562373096
6141db179cbada84a8676a21.json,54.0
6141cf55baaf234b352901d0.json,51.0
61424ebf31cf3ef3d4a9f450.json,28.414213562373096
6142d51631cf3ef3d4a9f642.json,31.0
61429a65baaf234b35290712.json,54.0
6141f5c0ee0a3fd43fb47db9.json,32.236067977499786
6142bdfc31cf3ef3d4a9f606.json,31.0
6141d0154e27a1844a5f00aa.json,52.0
614231de4e27a1844a5f06aa.json,31.23606797749979
6141cf50ee0a3fd43fb47a23.json,31.23606797749979
6141e8e34e27a1844a5f03ba.json,54.0
61429754baaf234b3529070e.json,52.0
614317784e27a1844a5f09c4.json,54.0
6141e1acee0a3fd43fb47cb1.json,28.0
6141ea024e27a1844a5f03cc.json,31.414213562373096
6141d43b9cbada84a8676953.json,54.0
614499e33ac25c70a5c6cd87.json,30.414213562373096
6142cdf84e27a1844a5f0936.json,32.84161925296378
6142304f3ac25c70a5c6cb15.json,30.414213562373096
6141d383ee0a3fd43fb47b47.json,30.414213562373096
6141d8cdee0a3fd43fb47bf1.json,30.414213562373096
6141da134e27a1844a5f0260.json,30.0
6141d543baaf234b3529031c.json,54.0
6141d82f4e27a1844a5f0226.json,53.0
61421eb531cf3ef3d4a9f322.json,10.39834563766817
6143b54331cf3ef3d4a9f790.json,31.0
6141f55a4e27a1844a5f047c.json,31.0
6141d00a31cf3ef3d4a9ede8.json,30.414213562373096
614231474e27a1844a5f06a8.json,32.82842712474619
6142f63d4e27a1844a5f098c.json,54.0
61422db39cbada84a8676cbf.json,54.0
6141d3e031cf3ef3d4a9eed2.json,8.650281539872886
6141cf589cbada84a8676813.json,52.0
6141d342ee0a3fd43fb47b3f.json,31.650281539872886
614238213ac25c70a5c6cb31.json,28.414213562373096
6143c9ac31cf3ef3d4a9f79c.json,29.0
6141d10eee0a3fd43fb47acb.json,28.0
6143557c31cf3ef3d4a9f73c.json,7.650281539872885
6141cf229cbada84a86767db.json,54.0
61420ca14e27a1844a5f0588.json,33.537319187990754
6141dfdbbaaf234b35290404.json,54.0
614200184e27a1844a5f050e.json,54.0
6141ece2ee0a3fd43fb47d57.json,31.0
6141f077baaf234b352904f2.json,54.0
6142ce833ac25c70a5c6cc4d.json,28.414213562373096
6141edd44e27a1844a5f0408.json,54.0
61428c5f3ac25c70a5c6cbf7.json,31.414213562373096
6143461abaaf234b35290746.json,54.41421356237309
61424c659cbada84a8676d09.json,53.0
6141d2649cbada84a8676907.json,54.0
6141fc203ac25c70a5c6ca41.json,30.0
6141e06f31cf3ef3d4a9f03a.json,30.82842712474619
6141dc339cbada84a8676a39.json,54.0
6141d007ee0a3fd43fb47a7d.json,30.0
6141cf799cbada84a867682b.json,54.0
61438fde31cf3ef3d4a9f776.json,12.00389691313216
6141d55ebaaf234b35290320.json,53.0
6141d2fc31cf3ef3d4a9eeaa.json,10.0
61429da83ac25c70a5c6cc13.json,28.0
6142e6fc31cf3ef3d4a9f672.json,30.414213562373096
6141e9fa31cf3ef3d4a9f0e0.json,10.255832815336873
614203024e27a1844a5f052a.json,54.0
6141e280baaf234b3529042e.json,54.0
6142596331cf3ef3d4a9f496.json,28.0
6143b5843ac25c70a5c6cd29.json,28.0
6141dc229cbada84a8676a37.json,51.0
614237d331cf3ef3d4a9f3da.json,7.650281539872885
61420ebb31cf3ef3d4a9f2a0.json,9.43397840021018
61438b5e3ac25c70a5c6cd11.json,31.23606797749979
6141e58b9cbada84a8676ae5.json,54.0
6141db2c3ac25c70a5c6c947.json,32.0
6141f2cc31cf3ef3d4a9f160.json,30.414213562373096
6141d09b4e27a1844a5f00da.json,54.0
6142d81031cf3ef3d4a9f648.json,29.0
6141d395baaf234b352902e2.json,54.0
614345b34e27a1844a5f0a12.json,54.0
6141d09c9cbada84a867689d.json,54.0
6141cf26baaf234b352901a6.json,54.0
6142c3b231cf3ef3d4a9f612.json,7.650281539872885
6141d3cfbaaf234b352902ec.json,53.0
6141cfacee0a3fd43fb47a59.json,31.0
6141fb7031cf3ef3d4a9f1cc.json,30.0
6141feeaee0a3fd43fb47e0d.json,30.0
6141d5203ac25c70a5c6c8f5.json,32.236067977499786
6141cf3d31cf3ef3d4a9ed78.json,30.414213562373096
6141cf22ee0a3fd43fb479f5.json,28.0
6141d2d04e27a1844a5f015e.json,52.0
6141eb834e27a1844a5f03e2.json,32.16227766016838
6142ba053ac25c70a5c6cc39.json,30.414213562373096
6141cf659cbada84a867681d.json,53.0
6141d505ee0a3fd43fb47b81.json,30.0
6141ddad4e27a1844a5f02c8.json,32.0
6142985c9cbada84a8676d6f.json,54.41421356237309
6141cf16a05be5973bd77a69.json,48.0
614205bf9cbada84a8676c1f.json,54.0
6141d53c3ac25c70a5c6c8f7.json,30.0
6141d0ad31cf3ef3d4a9ee20.json,28.414213562373096
6141cf1b9cbada84a86767cd.json,55.236067977499786
6141f1b9ee0a3fd43fb47d8d.json,31.23606797749979
6142132a4e27a1844a5f05c6.json,54.0
6142623531cf3ef3d4a9f4be.json,31.0
6142380e4e27a1844a5f06ce.json,33.39834563766817
6141e251ee0a3fd43fb47cbd.json,30.0
6141d2b24e27a1844a5f0158.json,30.162277660168378
614202494e27a1844a5f0520.json,31.0
6141ddf7ee0a3fd43fb47c75.json,31.650281539872886
6141e622baaf234b35290464.json,54.0
614221c54e27a1844a5f0638.json,54.0
6141db33ee0a3fd43fb47c31.json,30.82842712474619
6141d1334e27a1844a5f0104.json,54.41421356237309
6141e5994e27a1844a5f0378.json,54.0
6141e0ac9cbada84a8676a91.json,55.236067977499786
6142305fbaaf234b3529065a.json,52.0
6142610c9cbada84a8676d39.json,55.0
6141cf6431cf3ef3d4a9ed96.json,8.576491222541474
614269993ac25c70a5c6cbb9.json,31.23606797749979
6142f3ce3ac25c70a5c6cc81.json,30.0
6141d656ee0a3fd43fb47baf.json,30.414213562373096
6142241eee0a3fd43fb47ec3.json,30.0
6141d5fe31cf3ef3d4a9ef24.json,28.0
6141d6773ac25c70a5c6c90b.json,31.23606797749979
6141ed894e27a1844a5f0402.json,32.16227766016838
6144378f3ac25c70a5c6cd6d.json,31.414213562373096
6141cf57a05be5973bd77a83.json,48.0
61421d31ee0a3fd43fb47ea3.json,28.414213562373096
6141e35cee0a3fd43fb47ccd.json,31.650281539872886
6143ba8f3ac25c70a5c6cd2d.json,30.0
6141dbe031cf3ef3d4a9efd4.json,9.84161925296378
6141ea65ee0a3fd43fb47d33.json,30.414213562373096
6146900531cf3ef3d4a9f83c.json,30.414213562373096
6141cf28cc0e69a0cf28ab55.json,48.41421356237309
6141d510baaf234b35290316.json,54.0
6142b3e43ac25c70a5c6cc35.json,28.0
61420c50ee0a3fd43fb47e57.json,28.0
61428eb09cbada84a8676d65.json,55.82842712474619
61425cdbbaaf234b352906c6.json,54.0
61421c7a3ac25c70a5c6cac7.json,30.82842712474619
6141ffc4baaf234b3529056e.json,55.0
6141eb2d9cbada84a8676b2b.json,55.236067977499786
61421f03ee0a3fd43fb47eb1.json,33.39834563766817
614220f331cf3ef3d4a9f336.json,6.576491222541474
6141cfef4e27a1844a5f009a.json,55.236067977499786
6141cf1ca05be5973bd77a75.json,49.82842712474619
6141f6aabaaf234b3529052a.json,52.0
61420ab64e27a1844a5f0576.json,54.0
6141f1acbaaf234b352904fe.json,54.0
6141d216ee0a3fd43fb47b07.json,30.414213562373096
6141f49bee0a3fd43fb47dad.json,31.0
6141d3473ac25c70a5c6c8d5.json,28.414213562373096
6141f3649cbada84a8676b81.json,54.41421356237309
614246303ac25c70a5c6cb57.json,30.414213562373096
6142f8723ac25c70a5c6cc85.json,30.0
6144670431cf3ef3d4a9f7f4.json,10.30056307974577
6141d27b31cf3ef3d4a9ee90.json,31.23606797749979
6141d6474e27a1844a5f01e8.json,32.60555127546399
6142128e3ac25c70a5c6caa5.json,29.23606797749979
6141dbe6baaf234b352903c4.json,54.0
6141ea81ee0a3fd43fb47d35.json,30.414213562373096
6142734831cf3ef3d4a9f50e.json,30.0
6141cf5431cf3ef3d4a9ed8a.json,30.414213562373096
61421b4aee0a3fd43fb47e99.json,29.23606797749979
6142a399ee0a3fd43fb47f77.json,31.650281539872886
61423bd531cf3ef3d4a9f3f6.json,9.019764837837084
6142271331cf3ef3d4a9f368.json,6.0
6141e9834e27a1844a5f03c4.json,54.0
6142223d3ac25c70a5c6cae1.json,30.414213562373096
61422b66baaf234b35290648.json,54.41421356237309
6141cf763ac25c70a5c6c863.json,28.414213562373096
6141d2554e27a1844a5f0146.json,33.47213595499958
6141fb604e27a1844a5f04d2.json,55.236067977499786
6141f96931cf3ef3d4a9f1b2.json,9.84161925296378
6141f43d31cf3ef3d4a9f174.json,31.0
614228044e27a1844a5f0668.json,34.0
6142e42331cf3ef3d4a9f66c.json,9.06449510224598
61439c723ac25c70a5c6cd1d.json,30.414213562373096
6141d17631cf3ef3d4a9ee54.json,9.06449510224598
614210fe31cf3ef3d4a9f2b4.json,28.414213562373096
6142261e4e27a1844a5f065c.json,32.41421356237309
61469dab3ac25c70a5c6cde1.json,30.0
614207a231cf3ef3d4a9f24e.json,29.0
6141d93f31cf3ef3d4a9ef8c.json,30.0
6141cf4851c1cbd9654b8880.json,48.0
6141cfdc4e27a1844a5f0092.json,31.0
6141f6439cbada84a8676b99.json,54.0
6142f15aee0a3fd43fb47f8f.json,31.650281539872886
6141dd1131cf3ef3d4a9eff0.json,28.0
6141e5743ac25c70a5c6c9a9.json,30.0
61425a159cbada84a8676d25.json,55.0
61429809ee0a3fd43fb47f6f.json,31.23606797749979
6141cf5dee0a3fd43fb47a2d.json,32.47213595499958
6141deab4e27a1844a5f02e2.json,52.0
6142ae9e4e27a1844a5f08e2.json,30.605551275463988
61439d894e27a1844a5f0a5e.json,54.0
6141d1d1baaf234b35290294.json,54.41421356237309
6141d1d64e27a1844a5f012c.json,54.41421356237309
6141da93ee0a3fd43fb47c21.json,31.23606797749979
614228374e27a1844a5f066a.json,33.88634951737267
6141d8d39cbada84a86769e7.json,54.41421356237309
614249009cbada84a8676d01.json,54.0
6141dc2831cf3ef3d4a9efdc.json,11.82842712474619
6141e77cee0a3fd43fb47d09.json,31.0
6141d1659cbada84a86768d1.json,52.0
6141e45bee0a3fd43fb47cdd.json,31.414213562373096
6141cf5631cf3ef3d4a9ed8c.json,9.537319187990756
6146069a4e27a1844a5f0afe.json,31.23606797749979
6141dd969cbada84a8676a57.json,54.0
6141d499ee0a3fd43fb47b73.json,30.414213562373096
6141dc5331cf3ef3d4a9efe0.json,9.886349517372675
61435f5a4e27a1844a5f0a30.json,55.236067977499786
6141d42fee0a3fd43fb47b63.json,28.414213562373096
6141dbab31cf3ef3d4a9efce.json,30.0
61420c913ac25c70a5c6ca8d.json,30.414213562373096
614326714e27a1844a5f09e6.json,32.47213595499958
6141f9284e27a1844a5f04b2.json,30.0
61445fa83ac25c70a5c6cd77.json,31.23606797749979
6141d12031cf3ef3d4a9ee3e.json,30.414213562373096
6141d190ee0a3fd43fb47aeb.json,30.0
6141ebde3ac25c70a5c6c9d7.json,30.414213562373096
6141e698ee0a3fd43fb47cf7.json,31.414213562373096
6142339b4e27a1844a5f06b4.json,54.41421356237309
61421f8d4e27a1844a5f0622.json,54.0
6141e69331cf3ef3d4a9f0aa.json,7.5373191879907555
6141d48eee0a3fd43fb47b71.json,31.0
6141cf5f31cf3ef3d4a9ed92.json,11.071067811865476
6141e8254e27a1844a5f03b0.json,52.0
61429b7dbaaf234b35290714.json,55.236067977499786
6141cf554e27a1844a5f0046.json,33.84161925296378
6141d84a4e27a1844a5f022a.json,32.0
6141d07c4e27a1844a5f00d0.json,33.47213595499958
61424ed64e27a1844a5f075a.json,30.0
6141d64ebaaf234b3529033c.json,54.41421356237309
61421f0431cf3ef3d4a9f324.json,31.23606797749979
6141e6f4ee0a3fd43fb47cfd.json,30.414213562373096
61432ed931cf3ef3d4a9f6fc.json,29.0
6141e28c9cbada84a8676ab3.json,54.0
6141cf7e31cf3ef3d4a9eda6.json,30.414213562373096
6141e0dcee0a3fd43fb47ca1.json,31.82842712474619
614449ea4e27a1844a5f0abc.json,54.0
614207ea31cf3ef3d4a9f252.json,31.23606797749979
6141cf11b842c2e72e2f2d48.json,46.0
6141d3143ac25c70a5c6c8d1.json,30.414213562373096
61432fa04e27a1844a5f09f2.json,33.06449510224598
6141f96cee0a3fd43fb47ddd.json,28.0
6141cf4131cf3ef3d4a9ed7c.json,30.414213562373096
6141e5644e27a1844a5f0374.json,33.06449510224598
6141da984e27a1844a5f0270.json,55.236067977499786
614201784e27a1844a5f051a.json,31.82842712474619
6141d3d34e27a1844a5f018c.json,33.84161925296378
6141cf424e27a1844a5f0036.json,54.0
6141d3594e27a1844a5f0176.json,32.16227766016838
614240289cbada84a8676ce9.json,54.0
6143025b31cf3ef3d4a9f6b8.json,9.16227766016838
61449ea231cf3ef3d4a9f800.json,31.0
614358f931cf3ef3d4a9f740.json,9.019764837837084
6141d03c4e27a1844a5f00ba.json,52.0
6141cfe5baaf234b35290216.json,54.0
6141da95baaf234b352903ac.json,55.236067977499786
6141d6139cbada84a8676997.json,55.236067977499786
6141e9969cbada84a8676b1b.json,55.236067977499786
6141e33d4e27a1844a5f0348.json,31.605551275463988
614409cc4e27a1844a5f0a94.json,32.242640687119284
6141d227baaf234b352902a4.json,54.41421356237309
61422ed131cf3ef3d4a9f39a.json,28.0
6141f01e4e27a1844a5f0430.json,54.0
6143e83f4e27a1844a5f0a86.json,54.0
6141cfb6baaf234b35290202.json,54.0
61422d5d31cf3ef3d4a9f392.json,31.414213562373096
6141d9369cbada84a86769f3.json,54.41421356237309
6142031d9cbada84a8676c0b.json,54.41421356237309
6141cfa0ee0a3fd43fb47a53.json,28.0
6142129531cf3ef3d4a9f2c0.json,29.23606797749979
6142c1b64e27a1844a5f0918.json,33.88634951737267
61425ddebaaf234b352906c8.json,55.236067977499786
6143465f31cf3ef3d4a9f71e.json,9.099019513592784
6141ed2e3ac25c70a5c6c9e1.json,30.0
614219b6baaf234b352905f6.json,54.0
6141e766ee0a3fd43fb47d07.json,28.0
61422a5d31cf3ef3d4a9f380.json,9.099019513592784
614200734e27a1844a5f0512.json,54.0
614375dcbaaf234b3529074a.json,52.0
61429e2f31cf3ef3d4a9f5b0.json,29.23606797749979
6141d364ee0a3fd43fb47b43.json,28.0
6141fb4831cf3ef3d4a9f1ca.json,30.414213562373096
6142d48f4e27a1844a5f0948.json,53.0
6141cfa89cbada84a8676845.json,54.41421356237309
6141e6c9ee0a3fd43fb47cf9.json,28.0
6141d8f9ee0a3fd43fb47bf5.json,30.414213562373096
61442f4131cf3ef3d4a9f7dc.json,29.0
6141dc5f4e27a1844a5f02a2.json,31.0
6141d4684e27a1844a5f01a6.json,55.0
614289edbaaf234b352906fe.json,54.0
61422a3cbaaf234b35290646.json,55.236067977499786
614251ea4e27a1844a5f0772.json,55.236067977499786
6141e5f2baaf234b35290460.json,52.0
6141d43f31cf3ef3d4a9eee2.json,7.0
6141d2124e27a1844a5f013a.json,55.236067977499786
6141cf16ee0a3fd43fb479dd.json,31.23606797749979
61422fc2baaf234b35290658.json,53.41421356237309
61428a6dee0a3fd43fb47f6d.json,30.414213562373096
6141f0c14e27a1844a5f043a.json,54.0
6141e7c8ee0a3fd43fb47d0d.json,31.23606797749979
6141f54031cf3ef3d4a9f180.json,8.47213595499958
6141d0de4e27a1844a5f00ee.json,54.41421356237309
6141d2ec9cbada84a867691f.json,52.0
614214b2ee0a3fd43fb47e7d.json,31.23606797749979
6143316631cf3ef3d4a9f6fe.json,8.16227766016838
6141df794e27a1844a5f02f6.json,55.0
6143299a3ac25c70a5c6ccb3.json,30.414213562373096
6141e05fee0a3fd43fb47c99.json,28.414213562373096
6141dd9f31cf3ef3d4a9effc.json,31.650281539872886
6141f0c4baaf234b352904f6.json,52.0
61421e3b4e27a1844a5f061a.json,54.0
614397163ac25c70a5c6cd1b.json,30.0
6141f9fbee0a3fd43fb47de1.json,30.0
6141dea49cbada84a8676a6f.json,54.0
6141d06a31cf3ef3d4a9ee0a.json,29.82842712474619
6141d4e34e27a1844a5f01b8.json,52.0
614268b0ee0a3fd43fb47f53.json,30.414213562373096
6141d92fbaaf234b35290388.json,54.0
61439f1a4e27a1844a5f0a60.json,31.82842712474619
6141fed79cbada84a8676be3.json,54.0
61420003baaf234b35290570.json,55.236067977499786
6142f06231cf3ef3d4a9f68a.json,10.0
6141d3eb31cf3ef3d4a9eed4.json,10.404918347287666
6141cf50cc0e69a0cf28ab5f.json,48.0
6141cf28baaf234b352901a8.json,54.0
6141f98831cf3ef3d4a9f1b4.json,31.23606797749979
6141e08431cf3ef3d4a9f03c.json,30.414213562373096
6141cf629cbada84a867681b.json,54.41421356237309
6141d034baaf234b35290230.json,54.0
61420dc34e27a1844a5f0592.json,31.47213595499958
6141ed4f31cf3ef3d4a9f10e.json,5.650281539872885
6141f171baaf234b352904fa.json,54.0
61453fc231cf3ef3d4a9f826.json,31.0
6141cf5bee0a3fd43fb47a2b.json,31.414213562373096
61442bfc4e27a1844a5f0aac.json,31.82842712474619
6141da6c4e27a1844a5f026c.json,31.23606797749979
61427d074e27a1844a5f0820.json,34.65685424949238
6142db6bbaaf234b3529072e.json,54.0
614207c93ac25c70a5c6ca79.json,30.414213562373096
6141cf209cbada84a86767d7.json,54.41421356237309
6141da209cbada84a8676a09.json,54.0
6142b38831cf3ef3d4a9f5ee.json,31.23606797749979
61421e623ac25c70a5c6cacd.json,32.47213595499958
6141e6bf31cf3ef3d4a9f0ac.json,32.236067977499786
61433ff531cf3ef3d4a9f718.json,31.23606797749979
6141cf6b4e27a1844a5f0056.json,28.0
614268493ac25c70a5c6cbb5.json,31.0
6142514c31cf3ef3d4a9f464.json,29.23606797749979
6142ffd83ac25c70a5c6cc8b.json,31.23606797749979
6141da51ee0a3fd43fb47c19.json,28.0
6141eacc31cf3ef3d4a9f0ec.json,7.650281539872885
614277dbee0a3fd43fb47f61.json,30.0
61421d3abaaf234b35290608.json,52.0
614211413ac25c70a5c6caa1.json,30.414213562373096
614272024e27a1844a5f07f6.json,32.16227766016838
614273d3ee0a3fd43fb47f5f.json,30.414213562373096
614270e3baaf234b352906e4.json,52.0
6142e0c84e27a1844a5f0962.json,54.41421356237309
6142e9c331cf3ef3d4a9f678.json,31.650281539872886
6141e8f131cf3ef3d4a9f0d0.json,8.23606797749979
6141d3f54e27a1844a5f0192.json,31.82842712474619
61420c4b31cf3ef3d4a9f288.json,8.23606797749979
6141cf72cc0e69a0cf28ab65.json,26.162277660168378
6141cf12cc0e69a0cf28ab39.json,25.82842712474619
6141e301baaf234b35290436.json,54.41421356237309
6141ee3b31cf3ef3d4a9f11a.json,10.403124237432849
614235f59cbada84a8676cd3.json,54.0
614267cd3ac25c70a5c6cbb3.json,31.0
6141d0c34e27a1844a5f00e6.json,34.099019513592786
6141eb9431cf3ef3d4a9f0fa.json,9.812559200041264
6141eb719cbada84a8676b2f.json,53.0
6141d7789cbada84a86769c3.json,54.41421356237309
6143a7914e27a1844a5f0a66.json,33.65685424949238
6141dac54e27a1844a5f0276.json,52.0
6141e6859cbada84a8676af3.json,54.41421356237309
614288374e27a1844a5f0852.json,54.0
61425e104e27a1844a5f07ae.json,33.01976483783709
6141df74baaf234b352903fe.json,54.0
6141cf30a05be5973bd77a7f.json,48.41421356237309
6141e6bf3ac25c70a5c6c9b3.json,30.414213562373096
614241af4e27a1844a5f070e.json,32.47213595499958
6147d3de31cf3ef3d4a9f846.json,30.0
6141cf13cc0e69a0cf28ab3b.json,26.8309518948453
6141f86631cf3ef3d4a9f1a6.json,8.242640687119284
61433cb04e27a1844a5f0a06.json,54.236067977499786
6141cf3451c1cbd9654b887e.json,48.0
6141d8369cbada84a86769d9.json,54.0
6141f89cee0a3fd43fb47dd5.json,30.0
6141d20031cf3ef3d4a9ee76.json,30.0
61421227ee0a3fd43fb47e73.json,31.414213562373096
6141d8009cbada84a86769d3.json,55.236067977499786
6142225fbaaf234b3529061c.json,54.41421356237309
6142dd9f31cf3ef3d4a9f65e.json,8.06449510224598
614278d631cf3ef3d4a9f522.json,30.414213562373096
6142332b31cf3ef3d4a9f3ba.json,8.242640687119284
6141ec609cbada84a8676b39.json,54.0
6141d00cee0a3fd43fb47a7f.json,30.0
6141fd14baaf234b35290554.json,53.0
6141cf214e27a1844a5f0012.json,32.16227766016838
6141d8303ac25c70a5c6c925.json,32.47213595499958
6142669031cf3ef3d4a9f4da.json,8.06449510224598
614256d5baaf234b352906c2.json,53.0
6142026b4e27a1844a5f0522.json,31.576491222541474
6141e0b8ee0a3fd43fb47c9f.json,28.414213562373096
6141f8eb4e27a1844a5f04ae.json,33.01976483783709
6141f394ee0a3fd43fb47da1.json,32.47213595499958
6141cf18ee0a3fd43fb479e1.json,28.0
6142031a31cf3ef3d4a9f21c.json,9.019764837837084
6142088e9cbada84a8676c35.json,53.0
6141e9104e27a1844a5f03bc.json,31.82842712474619
61421f414e27a1844a5f061e.json,32.0
6141df3431cf3ef3d4a9f01e.json,9.886349517372675
6142913d3ac25c70a5c6cbff.json,31.650281539872886
6141ec499cbada84a8676b37.json,55.0
6142073b31cf3ef3d4a9f248.json,30.0
6141cfac9cbada84a8676847.json,54.41421356237309
614497243ac25c70a5c6cd85.json,31.0
6145568d4e27a1844a5f0ae6.json,33.242640687119284
61434cd731cf3ef3d4a9f72a.json,31.23606797749979
6142868b4e27a1844a5f084a.json,54.0
614484a24e27a1844a5f0ac8.json,32.242640687119284
6141da224e27a1844a5f0262.json,31.650281539872886
614643503ac25c70a5c6cdd5.json,31.650281539872886
6141eb0231cf3ef3d4a9f0f0.json,30.0
6141e4674e27a1844a5f0360.json,54.0
6142c70831cf3ef3d4a9f622.json,7.414213562373095
6142486eee0a3fd43fb47f19.json,29.23606797749979
6141e7fabaaf234b35290480.json,54.0
6141ef90ee0a3fd43fb47d73.json,31.0
6144fd68ee0a3fd43fb47fa3.json,30.0
614203baee0a3fd43fb47e25.json,30.414213562373096
614230c64e27a1844a5f06a6.json,54.41421356237309
61421d3131cf3ef3d4a9f314.json,8.47213595499958
6141fd8b4e27a1844a5f04ec.json,55.236067977499786
6141cf1e4e27a1844a5f000c.json,54.41421356237309
6141cf0f51c1cbd9654b8870.json,46.0
6141cf944e27a1844a5f006e.json,54.0
6141ef1fbaaf234b352904e6.json,54.0
6141d01d3ac25c70a5c6c883.json,30.414213562373096
61420e064e27a1844a5f0596.json,30.605551275463988
6141e58031cf3ef3d4a9f094.json,30.414213562373096
61424d8c4e27a1844a5f0752.json,29.0
614269594e27a1844a5f07d2.json,54.0
6143501dee0a3fd43fb47f97.json,31.650281539872886
6141ee814e27a1844a5f0414.json,54.0
614215c0baaf234b352905e2.json,54.0
6141f084ee0a3fd43fb47d81.json,28.0
6141ed024e27a1844a5f03f8.json,55.236067977499786
6141d701ee0a3fd43fb47bc3.json,30.0
6141d8ab31cf3ef3d4a9ef7c.json,9.65685424949238
614201384e27a1844a5f0516.json,32.47213595499958
6141cf1a1d648932fbc34297.json,48.0
6141d4689cbada84a867695b.json,55.236067977499786
6141ed36baaf234b352904ca.json,52.0
6141d39f31cf3ef3d4a9eec6.json,28.414213562373096
6141cf5a9cbada84a8676815.json,54.0
6141d9eb31cf3ef3d4a9ef9c.json,28.0
6141d951baaf234b3529038c.json,53.41421356237309
6141d559ee0a3fd43fb47b8f.json,29.23606797749979
6141db2131cf3ef3d4a9efc0.json,28.0
61440e703ac25c70a5c6cd57.json,31.23606797749979
6142c3bd9cbada84a8676d77.json,55.0
6142d8e831cf3ef3d4a9f64c.json,31.23606797749979
6141d8fa31cf3ef3d4a9ef86.json,11.123105625617661
6141cf8aee0a3fd43fb47a47.json,32.47213595499958
61424897ee0a3fd43fb47f1b.json,31.23606797749979
6141cff5baaf234b3529021c.json,54.0
61420b8a9cbada84a8676c4d.json,54.0
6142094d3ac25c70a5c6ca81.json,30.414213562373096
61420fbb4e27a1844a5f05a2.json,54.0
614210663ac25c70a5c6ca9f.json,30.414213562373096
6141ea2f4e27a1844a5f03ce.json,55.236067977499786
6141fd3bee0a3fd43fb47dfb.json,31.650281539872886
6142422831cf3ef3d4a9f412.json,31.23606797749979
6141d0fb4e27a1844a5f00f6.json,31.576491222541474
6143362731cf3ef3d4a9f70a.json,28.0
614204909cbada84a8676c17.json,55.0
6141f8089cbada84a8676ba7.json,52.0
6141e20a4e27a1844a5f032e.json,33.06449510224598
6141e85a31cf3ef3d4a9f0c6.json,7.82842712474619
6141dfdd4e27a1844a5f0300.json,54.41421356237309
6141d310ee0a3fd43fb47b35.json,26.0
614420c44e27a1844a5f0aa8.json,30.0
6141da559cbada84a8676a0d.json,54.0
614324094e27a1844a5f09de.json,31.0
6142203c31cf3ef3d4a9f330.json,10.414213562373096
61421c9c31cf3ef3d4a9f30e.json,10.32455532033676
6141ea9d31cf3ef3d4a9f0ea.json,31.23606797749979
6141fac3baaf234b35290548.json,54.0
614206c331cf3ef3d4a9f244.json,7.39834563766817
6141d6bfee0a3fd43fb47bbb.json,31.23606797749979
6141dc109cbada84a8676a35.json,54.0
614594a74e27a1844a5f0aee.json,55.0
6141f9f39cbada84a8676bbf.json,52.0
614247b4ee0a3fd43fb47f17.json,30.414213562373096
6142b0464e27a1844a5f08e8.json,33.39834563766817
6141d2bc4e27a1844a5f015a.json,31.23606797749979
6141dd6dbaaf234b352903da.json,54.0
6141d08e31cf3ef3d4a9ee16.json,29.0
61426aa03ac25c70a5c6cbbb.json,30.414213562373096
6143bc5931cf3ef3d4a9f792.json,30.414213562373096
614204414e27a1844a5f0532.json,33.06449510224598
6141edceee0a3fd43fb47d5d.json,30.0
61424a7c4e27a1844a5f073e.json,31.82842712474619
6141f9b54e27a1844a5f04ba.json,28.414213562373096
6141ead94e27a1844a5f03d8.json,52.0
6142d94531cf3ef3d4a9f64e.json,9.886349517372675
6141fc3a4e27a1844a5f04de.json,31.82842712474619
614318743ac25c70a5c6cca3.json,31.23606797749979
614214734e27a1844a5f05ce.json,54.41421356237309
6144568d31cf3ef3d4a9f7f0.json,30.0
6141d790ee0a3fd43fb47bd1.json,31.0
6141f2354e27a1844a5f044e.json,53.0
6141d0414e27a1844a5f00bc.json,54.0
6141e57abaaf234b35290456.json,54.41421356237309
6141d3ce3ac25c70a5c6c8df.json,31.23606797749979
6141e6599cbada84a8676aef.json,54.0
6141ee7a3ac25c70a5c6c9e9.json,29.23606797749979
6141d3b8baaf234b352902e8.json,54.0
6142384b31cf3ef3d4a9f3de.json,30.414213562373096
6141cf1731cf3ef3d4a9ed44.json,31.23606797749979
6141d43a3ac25c70a5c6c8e7.json,30.414213562373096
614225cc4e27a1844a5f0658.json,31.82842712474619
6141cf499cbada84a8676807.json,55.0
614222619cbada84a8676ca1.json,54.0
6142987a4e27a1844a5f0896.json,52.0
6141da4031cf3ef3d4a9efa6.json,28.414213562373096
6141e3514e27a1844a5f034a.json,54.0
6141d1ef31cf3ef3d4a9ee72.json,8.82842712474619
6141cf213ac25c70a5c6c845.json,31.650281539872886
614222d04e27a1844a5f0642.json,30.0
6141d01431cf3ef3d4a9edec.json,28.414213562373096
6141f19eee0a3fd43fb47d8b.json,30.0
6141e44531cf3ef3d4a9f086.json,8.886349517372675
6141cf11cc0e69a0cf28ab35.json,49.236067977499786
614292f14e27a1844a5f0880.json,31.576491222541474
6141ed66baaf234b352904cc.json,55.236067977499786
6141f8914e27a1844a5f04a8.json,33.39834563766817
6145ddc531cf3ef3d4a9f832.json,8.60555127546399
61427ad931cf3ef3d4a9f52c.json,30.0
6142204c4e27a1844a5f0628.json,35.3851648071345
61427d484e27a1844a5f0822.json,54.0
6141cf15c819ca30b196b473.json,66.0
614237029cbada84a8676cd5.json,52.0
6142a2d9baaf234b3529071a.json,54.0
6141cf17baaf234b35290188.json,54.0
61426c6431cf3ef3d4a9f4f2.json,30.414213562373096
614217f431cf3ef3d4a9f2ea.json,7.06449510224598
6142c2e131cf3ef3d4a9f610.json,28.414213562373096
6141e0c231cf3ef3d4a9f042.json,9.019764837837084
6143120a31cf3ef3d4a9f6cc.json,8.47213595499958
6143f62631cf3ef3d4a9f7b4.json,9.65685424949238
61443e6e31cf3ef3d4a9f7ea.json,29.23606797749979
614229469cbada84a8676cb3.json,54.0
6141dab9baaf234b352903b0.json,54.0
6142d29f31cf3ef3d4a9f63c.json,30.414213562373096
61420420ee0a3fd43fb47e29.json,31.650281539872886
6143b04131cf3ef3d4a9f78a.json,7.65685424949238
6145492b3ac25c70a5c6cdbb.json,29.0
6141cf55ee0a3fd43fb47a27.json,31.650281539872886
6141e04531cf3ef3d4a9f036.json,8.47213595499958
614220d74e27a1844a5f062e.json,54.0
61424d439cbada84a8676d0f.json,54.0
6141cf714e27a1844a5f005a.json,55.0
6142412431cf3ef3d4a9f40e.json,29.0
6141cf204e27a1844a5f0010.json,54.0
614274df4e27a1844a5f0802.json,32.099019513592786
6141d7c0ee0a3fd43fb47bd7.json,30.414213562373096
6142d2b34e27a1844a5f0944.json,54.0
6142ff7a4e27a1844a5f09a4.json,32.82842712474619
61421dc74e27a1844a5f0616.json,31.0
6144c7103ac25c70a5c6cd9b.json,30.414213562373096
614203f1ee0a3fd43fb47e27.json,26.0
614200b531cf3ef3d4a9f204.json,31.23606797749979
6141dba0baaf234b352903c0.json,54.0
614280794e27a1844a5f082c.json,32.0
61421d989cbada84a8676c95.json,55.236067977499786
6142322ebaaf234b3529065e.json,51.0
6141ecddbaaf234b352904c6.json,54.0
614339484e27a1844a5f09fc.json,52.0
6141cf2031cf3ef3d4a9ed56.json,6.82842712474619
614274b231cf3ef3d4a9f514.json,8.16227766016838
61420e86baaf234b352905c4.json,54.41421356237309
6141e6099cbada84a8676aeb.json,52.0
61420b5a31cf3ef3d4a9f27c.json,8.8309518948453
6141cf2f4e27a1844a5f0022.json,31.162277660168378
6141ff719cbada84a8676be7.json,54.41421356237309
614331c93ac25c70a5c6ccbf.json,30.0
6142232631cf3ef3d4a9f348.json,7.23606797749979
61425f203ac25c70a5c6cb9f.json,28.0
61424e1dee0a3fd43fb47f29.json,30.414213562373096
6142942bbaaf234b3529070a.json,52.0
6141ff6031cf3ef3d4a9f1f6.json,28.0
6141da2f9cbada84a8676a0b.json,54.41421356237309
6141f4d2ee0a3fd43fb47daf.json,30.414213562373096
6141e3ae9cbada84a8676ac7.json,54.0
6141f7b34e27a1844a5f049c.json,55.236067977499786
6141fafa9cbada84a8676bc3.json,55.236067977499786
6141e4d53ac25c70a5c6c9a3.json,30.414213562373096
6141d4519cbada84a8676957.json,54.0
6143243331cf3ef3d4a9f6ea.json,31.650281539872886
6141e69b9cbada84a8676af5.json,54.0
6141cf494e27a1844a5f003c.json,30.82842712474619
6141e51fbaaf234b35290450.json,55.236067977499786
6141cf28ee0a3fd43fb479fd.json,32.236067977499786
6142eee03ac25c70a5c6cc77.json,30.414213562373096
6141e4174e27a1844a5f035a.json,33.84161925296378
6141d0909cbada84a8676899.json,52.0
6141cf7831cf3ef3d4a9eda2.json,9.019764837837084
6142010dbaaf234b3529057a.json,54.0
61440b0a3ac25c70a5c6cd53.json,29.0
6141e6de9cbada84a8676af7.json,52.0
6141ee66baaf234b352904dc.json,54.0
6141e34d3ac25c70a5c6c995.json,28.0
6141f64d31cf3ef3d4a9f18c.json,6.82842712474619
6141dc459cbada84a8676a3b.json,53.0
6142654d3ac25c70a5c6cbad.json,30.0
6141f1354e27a1844a5f0440.json,54.0
6141d2759cbada84a867690b.json,54.0
6141d04c9cbada84a8676885.json,54.0
6141cfa84e27a1844a5f0078.json,34.16227766016838
61420586baaf234b35290596.json,55.236067977499786
61421a0eee0a3fd43fb47e93.json,30.414213562373096
6141e8d5baaf234b35290490.json,54.0
6141d1a531cf3ef3d4a9ee60.json,32.236067977499786
6143755b4e27a1844a5f0a42.json,54.41421356237309
61452a0431cf3ef3d4a9f820.json,30.82842712474619
6141efb64e27a1844a5f0428.json,55.82842712474619
6141ebce4e27a1844a5f03e6.json,33.0
6141eb7a31cf3ef3d4a9f0f8.json,6.414213562373095
6142b88431cf3ef3d4a9f5fe.json,10.30056307974577
6141cf7dee0a3fd43fb47a3f.json,29.23606797749979
614221754e27a1844a5f0636.json,33.12310562561766
6142c06b4e27a1844a5f0914.json,32.0
6142053cbaaf234b35290594.json,54.236067977499786
6141d4bdee0a3fd43fb47b77.json,29.0
6141e3c03ac25c70a5c6c999.json,30.0
614237a631cf3ef3d4a9f3d8.json,11.56062329783655
614215289cbada84a8676c75.json,54.0
61425bf54e27a1844a5f07a4.json,32.236067977499786
6141edbe9cbada84a8676b47.json,54.41421356237309
61423ba831cf3ef3d4a9f3f4.json,10.414213562373096
614314893ac25c70a5c6cc9b.json,30.414213562373096
614227584e27a1844a5f0662.json,33.01976483783709
6142438bbaaf234b35290694.json,51.0
6141d53a4e27a1844a5f01c4.json,31.82842712474619
6141f7aa3ac25c70a5c6ca25.json,28.414213562373096
6141d60b31cf3ef3d4a9ef26.json,8.47213595499958
6142089731cf3ef3d4a9f25a.json,8.478708664619074
6141dcb4ee0a3fd43fb47c59.json,30.0
6142191a31cf3ef3d4a9f2f0.json,28.0
6141f0044e27a1844a5f042e.json,54.0
6141fded4e27a1844a5f04f2.json,33.242640687119284
614207e49cbada84a8676c31.json,54.41421356237309
6142034bbaaf234b35290588.json,53.0
6141d4ccbaaf234b3529030e.json,54.41421356237309
6141d2de31cf3ef3d4a9eea4.json,9.47213595499958
614273c74e27a1844a5f07fc.json,33.65685424949238
614205e54e27a1844a5f0544.json,31.414213562373096
614204d8baaf234b35290590.json,54.0
6141d16b4e27a1844a5f0112.json,31.82842712474619
6143a6b04e27a1844a5f0a64.json,34.65685424949238
6141cff631cf3ef3d4a9ede0.json,10.32455532033676
614322e631cf3ef3d4a9f6e8.json,7.8863495173726745
614282ffbaaf234b352906f4.json,54.0
6141dc91baaf234b352903cc.json,52.0
6142852d31cf3ef3d4a9f554.json,30.414213562373096
6141d7adbaaf234b35290364.json,52.0
61421b813ac25c70a5c6cac3.json,28.414213562373096
6141ea854e27a1844a5f03d4.json,54.0
6141d1c8ee0a3fd43fb47af5.json,29.0
6144631f3ac25c70a5c6cd79.json,30.0
6141cf1e4e27a1844a5f000a.json,31.23606797749979
6141db8831cf3ef3d4a9efca.json,30.414213562373096
6141e40731cf3ef3d4a9f082.json,9.650281539872886
6142af483ac25c70a5c6cc2f.json,30.0
6142b0623ac25c70a5c6cc33.json,31.23606797749979
61421b604e27a1844a5f060a.json,31.099019513592786
61429df84e27a1844a5f08ac.json,54.41421356237309
6141e866baaf234b35290488.json,52.0
6141e77c4e27a1844a5f03a2.json,54.0
6142292f3ac25c70a5c6cafb.json,28.414213562373096
6142000bee0a3fd43fb47e17.json,29.414213562373096
6141cf1aee0a3fd43fb479e7.json,28.0
6141d2debaaf234b352902c6.json,54.0
6141d3a84e27a1844a5f0184.json,52.0
61422abcee0a3fd43fb47ed5.json,31.0
6142a2494e27a1844a5f08be.json,54.0
6141d0a731cf3ef3d4a9ee1e.json,30.0
6141f1dfee0a3fd43fb47d8f.json,30.82842712474619
6141fca531cf3ef3d4a9f1d6.json,6.414213562373095
6143647531cf3ef3d4a9f74e.json,8.513233075965879
6141cf353ac25c70a5c6c84f.json,30.414213562373096
6142518fee0a3fd43fb47f35.json,31.650281539872886
6141e79b4e27a1844a5f03a4.json,33.0
614221ec4e27a1844a5f063a.json,55.0
6141d5954e27a1844a5f01d0.json,34.7993783695076
6142825131cf3ef3d4a9f54a.json,6.656854249492381
6141e2d931cf3ef3d4a9f06c.json,30.414213562373096
6141d365baaf234b352902dc.json,54.0
61420edabaaf234b352905c8.json,52.0
6141d7edbaaf234b3529036c.json,54.41421356237309
6143d18f3ac25c70a5c6cd3b.json,31.0
6141cf31ee0a3fd43fb47a07.json,32.47213595499958
6141d2bd31cf3ef3d4a9ee9e.json,30.414213562373096
61420e1cbaaf234b352905c2.json,54.41421356237309
6141d0e2baaf234b35290262.json,54.0
6141de994e27a1844a5f02e0.json,33.39834563766817
6141f5c54e27a1844a5f0482.json,52.0
6141cf4e4e27a1844a5f0040.json,54.0
6141d76231cf3ef3d4a9ef54.json,8.16227766016838
614224aebaaf234b3529062a.json,55.82842712474619
614206adbaaf234b352905a0.json,55.236067977499786
6141cfea3ac25c70a5c6c87b.json,30.414213562373096
614228e5ee0a3fd43fb47ed1.json,28.414213562373096
6142f9254e27a1844a5f0996.json,31.82842712474619
614204349cbada84a8676c13.json,54.0
614325034e27a1844a5f09e2.json,33.39834563766817
61423f74baaf234b35290686.json,54.41421356237309
61429d4c4e27a1844a5f08aa.json,32.16227766016838
61421ebc3ac25c70a5c6cacf.json,31.23606797749979
6141dedf9cbada84a8676a73.json,54.0
6141e1d7baaf234b35290422.json,55.236067977499786
61426d3f9cbada84a8676d49.json,55.0
614221d4baaf234b35290618.json,52.0
6141e2049cbada84a8676aa9.json,52.0
6141e1014e27a1844a5f0318.json,54.0
6142093cbaaf234b352905ae.json,54.0
6141d18d9cbada84a86768db.json,55.82842712474619
61436b8531cf3ef3d4a9f754.json,32.236067977499786
6141ff3f31cf3ef3d4a9f1f4.json,9.47213595499958
61433b684e27a1844a5f09fe.json,54.0
61427b6f31cf3ef3d4a9f52e.json,10.7993783695076
6141dcf94e27a1844a5f02b4.json,55.236067977499786
61427e6131cf3ef3d4a9f53a.json,30.0
61434443baaf234b35290744.json,52.0
6142092a4e27a1844a5f0562.json,34.41421356237309
614318624e27a1844a5f09c8.json,31.12310562561766
6141e01b9cbada84a8676a85.json,54.0
614243b09cbada84a8676cf3.json,53.41421356237309
614240b0baaf234b3529068a.json,54.0
61427c3e31cf3ef3d4a9f532.json,30.414213562373096
6141fbaf4e27a1844a5f04d6.json,30.605551275463988
6142e70c4e27a1844a5f096e.json,54.0
6141f11f3ac25c70a5c6c9fb.json,30.0
6141d4899cbada84a867695f.json,53.0
6141cfa04e27a1844a5f0074.json,32.47213595499958
61420c4a4e27a1844a5f0586.json,54.41421356237309
6142c5414e27a1844a5f0920.json,54.41421356237309
6141cf91ee0a3fd43fb47a4b.json,28.414213562373096
61424bb531cf3ef3d4a9f440.json,10.30056307974577
6141d1c531cf3ef3d4a9ee68.json,7.06449510224598
6141e8b19cbada84a8676b0d.json,53.0
6141e1029cbada84a8676a99.json,52.0
61434ea431cf3ef3d4a9f72e.json,31.414213562373096
6142284131cf3ef3d4a9f36e.json,8.650281539872886
61421f9031cf3ef3d4a9f32a.json,26.0
6142035f3ac25c70a5c6ca65.json,30.0
614218a59cbada84a8676c7f.json,54.0
6144cb273ac25c70a5c6cd9d.json,29.0
6141e0c49cbada84a8676a93.json,54.41421356237309
6141e10731cf3ef3d4a9f048.json,28.414213562373096
6141d0e331cf3ef3d4a9ee30.json,30.82842712474619
614200009cbada84a8676bef.json,54.41421356237309
6141d99d31cf3ef3d4a9ef96.json,9.06449510224598
6141d51dee0a3fd43fb47b85.json,28.0
6141dcec31cf3ef3d4a9efec.json,6.23606797749979
6141cffb51c1cbd9654b888c.json,49.236067977499786
614239ca4e27a1844a5f06da.json,54.0
6142a94f4e27a1844a5f08d4.json,32.82842712474619
6141cfd7baaf234b35290210.json,54.41421356237309
614227cc3ac25c70a5c6caf7.json,30.82842712474619
6141cf16baaf234b35290186.json,54.0
614293f93ac25c70a5c6cc07.json,30.82842712474619
6141d8a59cbada84a86769e3.json,52.0
6141d13631cf3ef3d4a9ee44.json,30.414213562373096
614285c03ac25c70a5c6cbef.json,31.650281539872886
6141cf2202d926221cabc557.json,24.414213562373096
61423f3e4e27a1844a5f0700.json,53.0
61425534baaf234b352906be.json,53.0
6142112eee0a3fd43fb47e6d.json,30.0
6142230f9cbada84a8676ca3.json,54.0
6142665fee0a3fd43fb47f4b.json,32.0
61431c9e31cf3ef3d4a9f6de.json,10.773387165490545
6141d14ebaaf234b3529027c.json,54.0
6144c5004e27a1844a5f0ad2.json,54.0
6141d06cbaaf234b35290242.json,54.41421356237309
6141d9da31cf3ef3d4a9ef9a.json,30.414213562373096
614211114e27a1844a5f05b2.json,54.0
6142068bbaaf234b3529059e.json,54.41421356237309
6141fa964e27a1844a5f04c6.json,54.0
6142079cee0a3fd43fb47e39.json,32.47213595499958
61423e46ee0a3fd43fb47f07.json,31.23606797749979
6141d8ea31cf3ef3d4a9ef84.json,7.414213562373095
6141d48f31cf3ef3d4a9eef0.json,31.650281539872886
6141d22b31cf3ef3d4a9ee7e.json,31.23606797749979
6141cf42baaf234b352901c2.json,54.0
61428d659cbada84a8676d63.json,54.41421356237309
6141dd9c4e27a1844a5f02c6.json,31.82842712474619
61423aa6ee0a3fd43fb47eff.json,28.0
6141e9fdee0a3fd43fb47d2f.json,30.0
6141ecf03ac25c70a5c6c9df.json,30.0
6141e988ee0a3fd43fb47d29.json,30.0
6141cf8e31cf3ef3d4a9edb0.json,30.414213562373096
6141d198ee0a3fd43fb47aed.json,30.0
614250c731cf3ef3d4a9f45e.json,30.414213562373096
6141e97131cf3ef3d4a9f0d8.json,5.23606797749979
6141f561baaf234b3529051c.json,54.0
61420f4f4e27a1844a5f05a0.json,30.414213562373096
6143c9ed31cf3ef3d4a9f79e.json,32.242640687119284
6141cf2e69b0784ffcf8f869.json,26.162277660168378
6142475ebaaf234b3529069a.json,52.0
6141cf219cbada84a86767d9.json,53.0
6141d283ee0a3fd43fb47b1f.json,29.0
6141cf221d648932fbc342a1.json,48.0
6141cfcdee0a3fd43fb47a67.json,31.23606797749979
6141ddfbbaaf234b352903e4.json,54.0
6143820a4e27a1844a5f0a4c.json,52.0
6141dc7fee0a3fd43fb47c53.json,31.0
6141cf32baaf234b352901b4.json,54.0
6141d3f9ee0a3fd43fb47b5b.json,28.414213562373096
6141cf849cbada84a8676831.json,52.0
6141cf90cc0e69a0cf28ab6b.json,49.0
6142165eee0a3fd43fb47e81.json,31.23606797749979
614213fe4e27a1844a5f05ca.json,33.39834563766817
61425a65ee0a3fd43fb47f41.json,30.414213562373096
6142cd6931cf3ef3d4a9f636.json,6.82842712474619
6141cf573ac25c70a5c6c85b.json,31.23606797749979
6141de7c9cbada84a8676a6b.json,54.0
61420a754e27a1844a5f0572.json,31.12310562561766
6142c9eb31cf3ef3d4a9f626.json,31.23606797749979
6141d34231cf3ef3d4a9eeb6.json,28.0
6143332c31cf3ef3d4a9f702.json,10.537319187990757
6141dffcee0a3fd43fb47c93.json,30.414213562373096
614265a431cf3ef3d4a9f4d6.json,26.0
6142218e9cbada84a8676c9d.json,54.41421356237309
6141d118baaf234b35290270.json,52.0
6141cf19cc0e69a0cf28ab49.json,46.0
6142013d9cbada84a8676bf9.json,54.0
6141f4c33ac25c70a5c6ca17.json,28.0
6141fb2fee0a3fd43fb47de9.json,31.0
61423df44e27a1844a5f06f6.json,54.0
61430e4c31cf3ef3d4a9f6c8.json,30.414213562373096
6142fc5aee0a3fd43fb47f91.json,32.236067977499786
6141fab64e27a1844a5f04c8.json,33.39834563766817
6141eba99cbada84a8676b31.json,55.236067977499786
6141f30431cf3ef3d4a9f164.json,28.0
614270c33ac25c70a5c6cbcb.json,28.414213562373096
614225ce31cf3ef3d4a9f35e.json,31.414213562373096
6142241dbaaf234b35290626.json,54.236067977499786
6141e6309cbada84a8676aed.json,54.0
6141efd14e27a1844a5f042a.json,33.41421356237309
6143fc4a31cf3ef3d4a9f7bc.json,8.576491222541474
61437ff94e27a1844a5f0a4a.json,52.0
614217f84e27a1844a5f05f2.json,52.0
6141d4b69cbada84a8676965.json,54.41421356237309
6141d244baaf234b352902aa.json,52.0
6141cf2731cf3ef3d4a9ed60.json,31.650281539872886
614402124e27a1844a5f0a8e.json,31.23606797749979
61445a8e3ac25c70a5c6cd75.json,28.0
6141d8e04e27a1844a5f023e.json,54.0
61421a8c4e27a1844a5f0602.json,54.41421356237309
614251654e27a1844a5f076e.json,28.414213562373096
6141f0a9ee0a3fd43fb47d83.json,30.82842712474619
61424d10baaf234b352906aa.json,52.0
61421aa09cbada84a8676c8b.json,52.0
6141d0d29cbada84a86768ad.json,54.0
6141ec923ac25c70a5c6c9dd.json,31.23606797749979
6141efd09cbada84a8676b61.json,54.0
614221b131cf3ef3d4a9f33e.json,30.0
6141cf67baaf234b352901dc.json,54.0
61422b2c31cf3ef3d4a9f386.json,10.255832815336873
6141d5e39cbada84a867698f.json,51.0
6141cf9cee0a3fd43fb47a51.json,28.0
614217b1baaf234b352905ee.json,53.0
614218b9ee0a3fd43fb47e8b.json,28.0
6141d087ee0a3fd43fb47aa9.json,30.0
614699723ac25c70a5c6cddf.json,29.82842712474619
61425e063ac25c70a5c6cb9b.json,31.23606797749979
6141fe673ac25c70a5c6ca4d.json,30.414213562373096
6142bf1c31cf3ef3d4a9f608.json,30.82842712474619
6141da5d4e27a1844a5f026a.json,28.0
6141d32e3ac25c70a5c6c8d3.json,30.0
6141d7ddbaaf234b3529036a.json,54.41421356237309
6141d74ebaaf234b3529035a.json,54.41421356237309
614248d6ee0a3fd43fb47f1d.json,32.47213595499958
61424b3f3ac25c70a5c6cb63.json,31.23606797749979
614298cd4e27a1844a5f0898.json,54.41421356237309
6141e72c3ac25c70a5c6c9b7.json,28.0
6141d0e9baaf234b35290264.json,54.41421356237309
614247469cbada84a8676cf9.json,54.41421356237309
6141d7af3ac25c70a5c6c91f.json,31.650281539872886
6141db574e27a1844a5f0286.json,54.0
6141cf719cbada84a8676825.json,54.41421356237309
6141d88f31cf3ef3d4a9ef78.json,7.0
61421a314e27a1844a5f0600.json,54.41421356237309
61420ac39cbada84a8676c45.json,54.41421356237309
6141d2c69cbada84a8676919.json,54.0
6141d351ee0a3fd43fb47b41.json,30.82842712474619
6143514531cf3ef3d4a9f734.json,28.0
6142afb54e27a1844a5f08e6.json,54.41421356237309
6141f15a4e27a1844a5f0442.json,54.0
6141cfc0ee0a3fd43fb47a61.json,29.0
6141cf193ac25c70a5c6c83f.json,29.0
61422a264e27a1844a5f0672.json,32.242640687119284
6142280dee0a3fd43fb47ecb.json,29.0
6142815b31cf3ef3d4a9f546.json,10.84161925296378
6141d4f031cf3ef3d4a9ef00.json,30.414213562373096
6141dd32ee0a3fd43fb47c65.json,31.23606797749979
6141cf21cc0e69a0cf28ab51.json,25.23606797749979
614202c44e27a1844a5f0526.json,32.60555127546399
6141fb3f3ac25c70a5c6ca3b.json,30.0
6141cff94e27a1844a5f009e.json,32.60555127546399
6141d0e9ee0a3fd43fb47ac3.json,30.0
6141d75431cf3ef3d4a9ef52.json,7.47213595499958
6141d336baaf234b352902d6.json,54.0
6141d962baaf234b3529038e.json,54.0
61427eaa31cf3ef3d4a9f53c.json,8.886349517372675
614295f231cf3ef3d4a9f594.json,30.414213562373096
6141dc22ee0a3fd43fb47c49.json,30.414213562373096
6141d0829cbada84a8676895.json,52.0
6141f9c73ac25c70a5c6ca33.json,30.414213562373096
6143902f3ac25c70a5c6cd13.json,31.414213562373096
61420ae39cbada84a8676c47.json,55.236067977499786
6141db90ee0a3fd43fb47c39.json,30.414213562373096
6142561a4e27a1844a5f0788.json,33.12310562561766
6141e0d831cf3ef3d4a9f044.json,8.576491222541474
6141d7fa4e27a1844a5f0220.json,35.236067977499786
6141f9159cbada84a8676bb5.json,52.0
614264a13ac25c70a5c6cbab.json,31.23606797749979
614294c0baaf234b3529070c.json,53.0
6141e49d3ac25c70a5c6c9a1.json,30.82842712474619
6141ed6b3ac25c70a5c6c9e3.json,31.650281539872886
6142ab9331cf3ef3d4a9f5d4.json,8.650281539872886
6141fd6a31cf3ef3d4a9f1dc.json,29.0
6141e1edbaaf234b35290424.json,54.0
6141df5aee0a3fd43fb47c89.json,28.0
614246d931cf3ef3d4a9f426.json,28.414213562373096
61421a5e3ac25c70a5c6cabd.json,30.414213562373096
6142c8ba3ac25c70a5c6cc43.json,31.0
614202cc9cbada84a8676c07.json,54.41421356237309
6141f309ee0a3fd43fb47d9d.json,31.23606797749979
6141d1419cbada84a86768c9.json,54.0
614224a84e27a1844a5f0650.json,54.0
6141d0913ac25c70a5c6c893.json,30.0
6141d37cbaaf234b352902e0.json,54.0
6141d71cbaaf234b35290356.json,54.0
614417db31cf3ef3d4a9f7d2.json,28.0
6141ee9f9cbada84a8676b53.json,52.0
6141cf41ee0a3fd43fb47a17.json,31.0
61434c294e27a1844a5f0a1a.json,32.16227766016838
614205c7baaf234b35290598.json,54.41421356237309
614201cf9cbada84a8676bfd.json,55.0
6141f4964e27a1844a5f0472.json,33.12310562561766
614368b431cf3ef3d4a9f752.json,10.123105625617661
6141fab231cf3ef3d4a9f1c2.json,9.019764837837084
61424488baaf234b35290696.json,54.0
6141e88b31cf3ef3d4a9f0ca.json,31.0
61420e5f9cbada84a8676c5d.json,55.236067977499786
6141f9823ac25c70a5c6ca31.json,30.0
6142e9183ac25c70a5c6cc6f.json,31.23606797749979
6141f856baaf234b35290532.json,54.41421356237309
6141d50831cf3ef3d4a9ef04.json,31.0
6141f3f34e27a1844a5f0468.json,33.84161925296378
6141dd449cbada84a8676a51.json,54.0
614202289cbada84a8676c01.json,55.236067977499786
614267d79cbada84a8676d43.json,53.0
61429f243ac25c70a5c6cc15.json,31.0
6141fc584e27a1844a5f04e0.json,33.537319187990754
6141e3fdee0a3fd43fb47cd7.json,31.23606797749979
6142b1344e27a1844a5f08ea.json,54.0
6141d24e31cf3ef3d4a9ee86.json,30.82842712474619
6142094a4e27a1844a5f0564.json,52.0
6142d9dc3ac25c70a5c6cc5b.json,31.23606797749979
61420b7931cf3ef3d4a9f27e.json,30.0
6141d0189cbada84a8676873.json,54.41421356237309
6141d02d4e27a1844a5f00b4.json,54.0
614439aa31cf3ef3d4a9f7e6.json,31.0
61420fec4e27a1844a5f05a4.json,53.0
6141d1ac9cbada84a86768e3.json,52.0
614240c84e27a1844a5f070a.json,32.16227766016838
6141db0aee0a3fd43fb47c2f.json,30.82842712474619
6141cf3fee0a3fd43fb47a15.json,28.0
61420b594e27a1844a5f057e.json,55.82842712474619
61426c9431cf3ef3d4a9f4f4.json,30.414213562373096
614223824e27a1844a5f0646.json,33.65685424949238
6141cf1531cf3ef3d4a9ed3e.json,6.23606797749979
6141d080baaf234b35290248.json,53.41421356237309
6141ee53ee0a3fd43fb47d63.json,31.23606797749979
614261954e27a1844a5f07be.json,54.41421356237309
6141d741ee0a3fd43fb47bc9.json,31.0
61421bebbaaf234b352905fe.json,52.0
6141ddb5ee0a3fd43fb47c71.json,30.0
6141fc154e27a1844a5f04dc.json,52.0
6141d1434e27a1844a5f0108.json,32.47213595499958
6141dec131cf3ef3d4a9f016.json,9.23606797749979
6142f9793ac25c70a5c6cc87.json,30.0
6141e2a19cbada84a8676ab5.json,55.236067977499786
6142062cee0a3fd43fb47e31.json,30.0
6141e44b9cbada84a8676acf.json,54.0
614202ea9cbada84a8676c09.json,51.0
6143597b31cf3ef3d4a9f742.json,10.23606797749979
614206f8baaf234b352905a2.json,54.0
6141eb033ac25c70a5c6c9d1.json,30.0
6142939d4e27a1844a5f0882.json,52.0
6141cfd79cbada84a867685b.json,55.236067977499786
6141d45dbaaf234b35290300.json,54.0
6141d1734e27a1844a5f0114.json,54.41421356237309
6141d230baaf234b352902a6.json,55.0
6142181c4e27a1844a5f05f4.json,54.41421356237309
6141d0024e27a1844a5f00a2.json,31.0
6142069c3ac25c70a5c6ca73.json,30.414213562373096
6142039c31cf3ef3d4a9f222.json,9.82842712474619
614267a74e27a1844a5f07cc.json,32.60555127546399
6141d6f3ee0a3fd43fb47bc1.json,30.0
614259a54e27a1844a5f0796.json,54.0
6141d400baaf234b352902f4.json,54.0
6141e774baaf234b3529047a.json,54.0
61421cdb9cbada84a8676c93.json,54.0
6141da61ee0a3fd43fb47c1b.json,29.23606797749979
6141cf1d4e27a1844a5f0008.json,54.0
61428ad94e27a1844a5f085e.json,54.0
61423d1c9cbada84a8676ce5.json,55.236067977499786
61427a2d4e27a1844a5f0816.json,53.0
6141cf2c9cbada84a86767e9.json,52.0
61422cc0ee0a3fd43fb47edb.json,32.47213595499958
6141cfd43ac25c70a5c6c877.json,30.414213562373096
6141d6bfbaaf234b3529034a.json,54.0
6141fba3ee0a3fd43fb47df1.json,29.0
6141d5593ac25c70a5c6c8f9.json,30.414213562373096
6141dcfe31cf3ef3d4a9efee.json,30.0
6145c3fa4e27a1844a5f0af8.json,33.0
6142c9733ac25c70a5c6cc45.json,31.23606797749979
61423eba4e27a1844a5f06fc.json,32.0
6141dae13ac25c70a5c6c945.json,31.23606797749979
61432c5f31cf3ef3d4a9f6fa.json,28.0
6141d782ee0a3fd43fb47bcf.json,32.0
6141ea263ac25c70a5c6c9cd.json,30.414213562373096
6141cf3bee0a3fd43fb47a11.json,30.0
614243be31cf3ef3d4a9f41a.json,7.23606797749979
61422b739cbada84a8676cb9.json,54.0
6141d2f94e27a1844a5f0164.json,31.0
6141d0bd31cf3ef3d4a9ee24.json,31.650281539872886
61424d094e27a1844a5f0750.json,54.0
6141d9259cbada84a86769f1.json,53.0
6141d1ee9cbada84a86768ef.json,54.0
6141cf251d648932fbc342a5.json,49.82842712474619
6141cf1f31cf3ef3d4a9ed54.json,8.06449510224598
6141d6544e27a1844a5f01ea.json,32.57649122254148
6141e4b24e27a1844a5f0366.json,54.0
6142a9bb3ac25c70a5c6cc25.json,30.414213562373096
61423bb6baaf234b3529067a.json,54.0
6141cf1bcc0e69a0cf28ab4b.json,48.0
61423616baaf234b35290670.json,54.0
61424d5dbaaf234b352906ac.json,54.0
6142399f4e27a1844a5f06d8.json,54.41421356237309
6141cf3531cf3ef3d4a9ed70.json,8.576491222541474
6142993a31cf3ef3d4a9f5a2.json,30.0
6142295d31cf3ef3d4a9f376.json,11.07768723046357
6144c11231cf3ef3d4a9f80a.json,28.414213562373096
6141d2519cbada84a8676903.json,54.0
6141f04531cf3ef3d4a9f136.json,7.39834563766817
6142f1ee3ac25c70a5c6cc7d.json,30.414213562373096
61423d7dbaaf234b35290680.json,51.0
6141f45c9cbada84a8676b8f.json,54.0
6141d0634e27a1844a5f00c8.json,34.242640687119284
6143ecd631cf3ef3d4a9f7ac.json,30.414213562373096
6144bce431cf3ef3d4a9f808.json,31.0
61433c724e27a1844a5f0a04.json,54.0
6142a5cc4e27a1844a5f08cc.json,52.0
6141cf191d648932fbc34295.json,48.41421356237309
6142381e31cf3ef3d4a9f3dc.json,28.0
6142ecbc3ac25c70a5c6cc73.json,29.414213562373096
61423a1e4e27a1844a5f06dc.json,54.0
614396e64e27a1844a5f0a5c.json,54.0
6141d5e8ee0a3fd43fb47ba1.json,32.47213595499958
614256ce31cf3ef3d4a9f48a.json,9.16227766016838
61424acf3ac25c70a5c6cb61.json,31.0
6141d3e7baaf234b352902f0.json,52.0
6141cf7231cf3ef3d4a9ed9e.json,11.23606797749979
61426e4431cf3ef3d4a9f4fa.json,4.414213562373095
6141d6fb4e27a1844a5f0202.json,54.0
614206924e27a1844a5f0548.json,32.57649122254148
6142f8e831cf3ef3d4a9f6a6.json,30.414213562373096
6141d72731cf3ef3d4a9ef4c.json,32.236067977499786
6141f3203ac25c70a5c6ca0b.json,31.23606797749979
61423c284e27a1844a5f06ec.json,54.0
61424d0c31cf3ef3d4a9f444.json,28.0
61423c8a31cf3ef3d4a9f3fc.json,7.39834563766817
614335b23ac25c70a5c6ccc5.json,30.82842712474619
6141e9d59cbada84a8676b1f.json,52.0
6141dfdbee0a3fd43fb47c91.json,30.414213562373096
6141e96dee0a3fd43fb47d27.json,30.414213562373096
6141cf20ee0a3fd43fb479f1.json,28.0
6141d13b4e27a1844a5f0106.json,34.60555127546399
6141cfeaee0a3fd43fb47a71.json,28.0
6142b6824e27a1844a5f08f8.json,32.0
6141cf5abaaf234b352901d4.json,54.0
6142107d4e27a1844a5f05ac.json,33.84161925296378
6141d65931cf3ef3d4a9ef32.json,6.414213562373095
6143c01031cf3ef3d4a9f796.json,9.242640687119284
614375fd31cf3ef3d4a9f760.json,30.414213562373096
6141cffb31cf3ef3d4a9ede2.json,10.099019513592784
6141cf3dbaaf234b352901be.json,54.0
6141fbdbbaaf234b3529054e.json,54.0
6141d47731cf3ef3d4a9eeec.json,30.414213562373096
6141d6183ac25c70a5c6c905.json,30.414213562373096
614207d9ee0a3fd43fb47e3b.json,30.414213562373096
6142374f4e27a1844a5f06ca.json,30.605551275463988
6141fe64baaf234b35290562.json,54.41421356237309
6144a3094e27a1844a5f0acc.json,31.82842712474619
614491ce4e27a1844a5f0aca.json,54.0
6141f2004e27a1844a5f044a.json,53.0
6142a863baaf234b3529071c.json,54.41421356237309
61422bfc4e27a1844a5f0682.json,54.0
6143e6553ac25c70a5c6cd45.json,30.0
6141e2d4ee0a3fd43fb47cc5.json,28.414213562373096
61435d5e4e27a1844a5f0a2a.json,54.0
614207cc4e27a1844a5f0556.json,54.0
6141fc36baaf234b35290552.json,54.0
6143fc5f3ac25c70a5c6cd4d.json,30.414213562373096
6141f597ee0a3fd43fb47db7.json,30.0
61424e2b31cf3ef3d4a9f44e.json,7.82842712474619
61424db63ac25c70a5c6cb6b.json,31.23606797749979
6141cf1d31cf3ef3d4a9ed50.json,6.82842712474619
614279ac3ac25c70a5c6cbdd.json,31.414213562373096
614385094e27a1844a5f0a50.json,54.41421356237309
6141cf5d9cbada84a8676817.json,53.0
6141d5d69cbada84a867698d.json,52.0
614384cb4e27a1844a5f0a4e.json,32.60555127546399
614278d0baaf234b352906ec.json,55.0
6141fd2f4e27a1844a5f04e8.json,33.0
6141cf16a05be5973bd77a67.json,48.0
6141fea6baaf234b35290566.json,52.0
6141d87d3ac25c70a5c6c929.json,30.414213562373096
6141de1a9cbada84a8676a63.json,55.0
6141d6ccee0a3fd43fb47bbd.json,30.0
6141f4be31cf3ef3d4a9f17a.json,31.0
6141d9749cbada84a86769f9.json,54.0
6141f20c31cf3ef3d4a9f154.json,31.82842712474619
6141d622baaf234b35290338.json,54.0
6142c4a5baaf234b35290728.json,54.41421356237309
614214ac9cbada84a8676c73.json,54.0
61420de54e27a1844a5f0594.json,54.0
6141f2e831cf3ef3d4a9f162.json,7.82842712474619
6141d4ef4e27a1844a5f01ba.json,31.12310562561766
61433c364e27a1844a5f0a02.json,54.0
6141d4ed9cbada84a867696d.json,54.0
61434b773ac25c70a5c6ccd9.json,30.414213562373096
6141d4129cbada84a867694d.json,54.0
614356233ac25c70a5c6cce9.json,30.82842712474619
614251934e27a1844a5f0770.json,33.242640687119284
6141d2c5ee0a3fd43fb47b29.json,28.414213562373096
6141cf2ccc0e69a0cf28ab57.json,26.414213562373096
6141fdd29cbada84a8676bdb.json,55.0
6141f8f89cbada84a8676bb3.json,54.0
61430347baaf234b3529073e.json,53.0
6141cffeee0a3fd43fb47a79.json,31.414213562373096
6141d67cbaaf234b35290342.json,54.0
61424d8c31cf3ef3d4a9f448.json,28.414213562373096
6141d1159cbada84a86768bd.json,54.0
61430ba831cf3ef3d4a9f6c6.json,31.23606797749979
61422f38baaf234b35290654.json,54.41421356237309
6141d9124e27a1844a5f0242.json,33.12310562561766
6141fea0ee0a3fd43fb47e09.json,31.23606797749979
61434d8e3ac25c70a5c6ccdd.json,30.0
61426c06baaf234b352906dc.json,54.0
61420e2b9cbada84a8676c5b.json,55.236067977499786
6141e799baaf234b3529047c.json,54.0
6141cf21ee0a3fd43fb479f3.json,30.0
6141d994ee0a3fd43fb47c03.json,31.0
61423aae3ac25c70a5c6cb3b.json,31.414213562373096
6141cf2e9cbada84a86767eb.json,53.41421356237309
6141f5bdbaaf234b35290520.json,55.236067977499786
614283033ac25c70a5c6cbe9.json,30.414213562373096
6141e7953ac25c70a5c6c9bb.json,28.414213562373096
6141efd0ee0a3fd43fb47d77.json,29.23606797749979
6141d17e31cf3ef3d4a9ee56.json,9.123105625617661
6141d98ebaaf234b35290392.json,54.0
61420c45baaf234b352905b6.json,55.236067977499786
614458a04e27a1844a5f0ac0.json,33.60555127546399
61425fb79cbada84a8676d33.json,54.0
6142e50d4e27a1844a5f0968.json,55.236067977499786
6141f88431cf3ef3d4a9f1a8.json,9.414213562373096
6141db669cbada84a8676a27.json,54.41421356237309
6141fa84baaf234b35290546.json,54.0
6141e18b9cbada84a8676aa3.json,53.0
6141d23f9cbada84a86768ff.json,54.0
61428ed631cf3ef3d4a9f57a.json,8.60555127546399
6141e963baaf234b35290498.json,54.0
6141cf64baaf234b352901da.json,54.0
6141e04cee0a3fd43fb47c97.json,29.0
6141ef44ee0a3fd43fb47d6f.json,31.23606797749979
614277844e27a1844a5f0808.json,54.0
6141cf5031cf3ef3d4a9ed88.json,9.019764837837084
6143630f31cf3ef3d4a9f74a.json,30.82842712474619
61420140ee0a3fd43fb47e1d.json,30.0
6141d02431cf3ef3d4a9edf2.json,11.56062329783655
6141e39b4e27a1844a5f0350.json,55.236067977499786
6141e8644e27a1844a5f03b4.json,53.0
6141df0d4e27a1844a5f02ec.json,55.236067977499786
614233e1baaf234b35290664.json,54.0
6141e145baaf234b35290418.json,55.0
61423bb9ee0a3fd43fb47f03.json,30.0
6142f57b4e27a1844a5f0988.json,54.0
6141d5fdee0a3fd43fb47ba3.json,31.23606797749979
614243e8ee0a3fd43fb47f11.json,31.0
614379f831cf3ef3d4a9f766.json,8.06449510224598
6142a90331cf3ef3d4a9f5d0.json,11.23606797749979
6141d2094e27a1844a5f0138.json,52.0
6141cf1651c1cbd9654b8876.json,48.41421356237309
614202a44e27a1844a5f0524.json,31.650281539872886
61420ba0ee0a3fd43fb47e51.json,28.414213562373096
6141d9d1ee0a3fd43fb47c0b.json,31.414213562373096
614309f04e27a1844a5f09b6.json,54.41421356237309
614564aa3ac25c70a5c6cdbd.json,30.414213562373096
6141dbc2ee0a3fd43fb47c3f.json,31.650281539872886
61421b6aee0a3fd43fb47e9b.json,29.23606797749979
61423f724e27a1844a5f0702.json,54.0
6141faf94e27a1844a5f04cc.json,34.47213595499958
61441e4d31cf3ef3d4a9f7d4.json,32.47213595499958
6141e13231cf3ef3d4a9f04c.json,7.650281539872885
6141e2893ac25c70a5c6c98d.json,30.414213562373096
614320943ac25c70a5c6cca9.json,30.414213562373096
61420a5cbaaf234b352905b0.json,55.236067977499786
6141d477baaf234b35290304.json,53.0
6141de57ee0a3fd43fb47c7d.json,28.414213562373096
61422dfa3ac25c70a5c6cb0f.json,30.0
6144f9ad3ac25c70a5c6cda9.json,31.650281539872886
6141d12aee0a3fd43fb47ad3.json,30.414213562373096
6142c0a131cf3ef3d4a9f60c.json,31.23606797749979
6142c4753ac25c70a5c6cc3f.json,31.23606797749979
6141e8aa31cf3ef3d4a9f0cc.json,8.23606797749979
6142920a3ac25c70a5c6cc01.json,29.23606797749979
6141d3c49cbada84a8676941.json,55.236067977499786
6141d5a24e27a1844a5f01d2.json,54.0
614304c04e27a1844a5f09b0.json,31.0
6141d3fd9cbada84a8676949.json,54.0
6141f03e3ac25c70a5c6c9f5.json,30.414213562373096
61422bcf3ac25c70a5c6cb07.json,28.414213562373096
614214593ac25c70a5c6caad.json,31.23606797749979
6141cfdc9cbada84a867685d.json,54.0
6142582dee0a3fd43fb47f3d.json,30.414213562373096
6141d26931cf3ef3d4a9ee8c.json,8.576491222541474
61436bfe31cf3ef3d4a9f756.json,28.414213562373096
6141ee35baaf234b352904da.json,54.41421356237309
6141fe4f4e27a1844a5f04f6.json,30.0
6141e1964e27a1844a5f0324.json,32.16227766016838
6141df699cbada84a8676a7d.json,55.236067977499786
61427c039cbada84a8676d53.json,54.41421356237309
614350543ac25c70a5c6cce3.json,29.0
6141d2344e27a1844a5f0140.json,32.236067977499786
6141d6383ac25c70a5c6c907.json,30.414213562373096
6141cf254e27a1844a5f0018.json,33.84161925296378
6141eb43ee0a3fd43fb47d43.json,31.23606797749979
6142080e31cf3ef3d4a9f254.json,30.414213562373096
6141d1cd31cf3ef3d4a9ee6a.json,9.65685424949238
6141e8d5ee0a3fd43fb47d1d.json,30.414213562373096
6141ee0631cf3ef3d4a9f118.json,8.242640687119284
6141d6edbaaf234b35290350.json,54.41421356237309
6141e0ec9cbada84a8676a97.json,54.0
6141d41c9cbada84a867694f.json,52.0
614236d14e27a1844a5f06c8.json,54.0
614222babaaf234b35290620.json,54.0
6141d23d31cf3ef3d4a9ee82.json,30.414213562373096
6141dd474e27a1844a5f02bc.json,32.60555127546399
6142476c3ac25c70a5c6cb5b.json,28.414213562373096
6141d0e151c1cbd9654b8894.json,48.0
614224684e27a1844a5f064e.json,31.162277660168378
614203b6baaf234b3529058a.json,52.0
61423b0fbaaf234b35290678.json,54.41421356237309
614218bd31cf3ef3d4a9f2ee.json,28.414213562373096
6141d338ee0a3fd43fb47b3d.json,30.82842712474619
6141f27a4e27a1844a5f0452.json,33.84161925296378
6141e3149cbada84a8676abb.json,54.0
6141dbb1ee0a3fd43fb47c3d.json,28.0
6142e07b31cf3ef3d4a9f662.json,9.576491222541474
6141e0164e27a1844a5f0306.json,30.0
614224ee3ac25c70a5c6caeb.json,31.23606797749979
6141cf1f9cbada84a86767d5.json,54.0
6145aae831cf3ef3d4a9f82e.json,8.0
6142ae684e27a1844a5f08e0.json,55.236067977499786
6141d32e4e27a1844a5f016e.json,54.0
61422a593ac25c70a5c6cb01.json,31.0
614281e531cf3ef3d4a9f548.json,12.84161925296378
614283349cbada84a8676d5b.json,54.0
6146e9103ac25c70a5c6cded.json,31.23606797749979
6141d6dd4e27a1844a5f01fe.json,55.236067977499786
6141d8ba31cf3ef3d4a9ef7e.json,9.650281539872886
6141dc004e27a1844a5f0296.json,54.0
6142dfd24e27a1844a5f095e.json,54.0
6141ff504e27a1844a5f0504.json,29.0
61420e993ac25c70a5c6ca95.json,31.23606797749979
614366e04e27a1844a5f0a36.json,54.41421356237309
61421cb6baaf234b35290604.json,54.236067977499786
6141d8b24e27a1844a5f0238.json,55.0
61435770baaf234b35290748.json,54.0
6142367231cf3ef3d4a9f3d2.json,7.650281539872885
6141cf15ee0a3fd43fb479db.json,31.650281539872886
6141f67fee0a3fd43fb47dbd.json,32.0
6141ed3e4e27a1844a5f03fc.json,54.41421356237309
6142121d9cbada84a8676c6f.json,54.0
61420bd99cbada84a8676c4f.json,53.0
6141ffc34e27a1844a5f050a.json,53.0
6141cf519cbada84a867680d.json,52.0
6141ddbe4e27a1844a5f02ca.json,54.236067977499786
6141d1b6baaf234b35290290.json,54.0
6141cf1702d926221cabc54f.json,26.47213595499958
6141d0b431cf3ef3d4a9ee22.json,12.481233434718185
61422af631cf3ef3d4a9f384.json,6.47213595499958
6142fab83ac25c70a5c6cc89.json,30.0
6141d8084e27a1844a5f0222.json,30.23606797749979
61428b3831cf3ef3d4a9f56c.json,5.23606797749979
6141dd8c31cf3ef3d4a9effa.json,31.414213562373096
6141d1f831cf3ef3d4a9ee74.json,10.359173603117451
61463ed331cf3ef3d4a9f836.json,30.414213562373096
614230b63ac25c70a5c6cb17.json,31.650281539872886
6142015831cf3ef3d4a9f20c.json,32.236067977499786
6141d415baaf234b352902f6.json,54.0
6142e312baaf234b35290736.json,54.41421356237309
6141d60aee0a3fd43fb47ba5.json,31.23606797749979
6142a2fa31cf3ef3d4a9f5bc.json,30.414213562373096
61423a9c31cf3ef3d4a9f3f0.json,29.23606797749979
61425da44e27a1844a5f07ac.json,32.242640687119284
6141e3ceee0a3fd43fb47cd3.json,31.23606797749979
6142104131cf3ef3d4a9f2ae.json,31.23606797749979
6141d5584e27a1844a5f01c8.json,33.84161925296378
6143ee2c31cf3ef3d4a9f7ae.json,9.019764837837084
614445824e27a1844a5f0ab8.json,54.41421356237309
6141df1bbaaf234b352903fa.json,54.0
6141eb16baaf234b352904b0.json,54.0
6141d15bbaaf234b3529027e.json,55.236067977499786
6141fe299cbada84a8676bdd.json,55.236067977499786
6141f345baaf234b3529050c.json,54.41421356237309
61425eaa31cf3ef3d4a9f4b2.json,8.650281539872886
6141e19d31cf3ef3d4a9f054.json,8.60555127546399
614260ebbaaf234b352906ce.json,54.41421356237309
61425b9e4e27a1844a5f07a2.json,31.650281539872886
6141f142ee0a3fd43fb47d87.json,29.23606797749979
6141d276baaf234b352902b4.json,54.41421356237309
6141d97dbaaf234b35290390.json,54.41421356237309
61422239baaf234b3529061a.json,54.236067977499786
6141f7603ac25c70a5c6ca23.json,28.414213562373096
614393f44e27a1844a5f0a5a.json,30.82842712474619
6141d4dfee0a3fd43fb47b7b.json,30.414213562373096
6142944a31cf3ef3d4a9f590.json,9.65685424949238
6142405a9cbada84a8676ceb.json,52.0
6142bb564e27a1844a5f0900.json,33.84161925296378
614294843ac25c70a5c6cc09.json,28.0
6141d70f3ac25c70a5c6c915.json,31.23606797749979
6141d7b79cbada84a86769cb.json,54.41421356237309
6141d16d9cbada84a86768d3.json,52.0
6141cff99cbada84a8676867.json,52.0
61464e873ac25c70a5c6cdd7.json,30.82842712474619
6141dbcf31cf3ef3d4a9efd2.json,10.576491222541474
614346254e27a1844a5f0a14.json,54.41421356237309
6142109e31cf3ef3d4a9f2b2.json,28.0
61420bd44e27a1844a5f0584.json,32.39834563766817
6143ae403ac25c70a5c6cd25.json,31.0
614286443ac25c70a5c6cbf1.json,32.236067977499786
6142071d4e27a1844a5f0550.json,30.0
6141cf19baaf234b3529018e.json,54.0
6141dba64e27a1844a5f028e.json,54.0
6142e1d73ac25c70a5c6cc65.json,30.414213562373096
6142459f4e27a1844a5f071e.json,54.0
6141cf66ee0a3fd43fb47a33.json,28.0
614366a431cf3ef3d4a9f750.json,10.099019513592784
6141dfb331cf3ef3d4a9f028.json,31.0
61422b9ebaaf234b3529064a.json,54.41421356237309
61451f733ac25c70a5c6cdb3.json,28.414213562373096
61421e6031cf3ef3d4a9f31e.json,10.16227766016838
6141d3319cbada84a867692b.json,54.0
61420acf31cf3ef3d4a9f274.json,10.89292222699217
6142da654e27a1844a5f0950.json,55.236067977499786
614376a431cf3ef3d4a9f762.json,10.43397840021018
6141dfc94e27a1844a5f02fe.json,32.16227766016838
6142580bee0a3fd43fb47f3b.json,28.414213562373096
61422c814e27a1844a5f0688.json,30.162277660168378
6141cf2d51c1cbd9654b887c.json,48.0
614218c94e27a1844a5f05f6.json,33.236067977499786
614228df31cf3ef3d4a9f372.json,30.414213562373096
6142560531cf3ef3d4a9f482.json,30.414213562373096
6142627631cf3ef3d4a9f4c0.json,10.76782893563237
61432cc53ac25c70a5c6ccb9.json,29.0
6143b24631cf3ef3d4a9f78e.json,30.0
6142052aee0a3fd43fb47e2b.json,30.82842712474619
6141cf25ee0a3fd43fb479f9.json,30.82842712474619
6141ebce31cf3ef3d4a9f0fc.json,6.414213562373095
6144fb533ac25c70a5c6cdab.json,31.414213562373096
6141eaa3baaf234b352904aa.json,54.0
6141d0f44e27a1844a5f00f4.json,33.65685424949238
6143510531cf3ef3d4a9f732.json,30.82842712474619
6141e6464e27a1844a5f0388.json,55.236067977499786
6141f40331cf3ef3d4a9f170.json,10.23606797749979
614210e6ee0a3fd43fb47e6b.json,30.414213562373096
61429ec64e27a1844a5f08b0.json,33.06449510224598
6141e78c9cbada84a8676aff.json,54.0
6141d21b4e27a1844a5f013c.json,33.236067977499786
6141efd431cf3ef3d4a9f130.json,31.0
61428b0b4e27a1844a5f0860.json,32.65685424949238
6141cf5dbaaf234b352901d6.json,53.41421356237309
6141d5b19cbada84a8676989.json,52.0
61432a4731cf3ef3d4a9f6f4.json,8.47213595499958
6141cf1969b0784ffcf8f85d.json,26.47213595499958
61420f8731cf3ef3d4a9f2a6.json,30.414213562373096
6141d228ee0a3fd43fb47b0b.json,30.414213562373096
6141e9679cbada84a8676b17.json,52.0
614389f73ac25c70a5c6cd0d.json,30.414213562373096
6141d0469cbada84a8676883.json,54.0
614203da9cbada84a8676c11.json,55.236067977499786
6141dde23ac25c70a5c6c963.json,31.650281539872886
614208684e27a1844a5f055a.json,52.0
614239683ac25c70a5c6cb37.json,30.414213562373096
6142107931cf3ef3d4a9f2b0.json,30.0
6141de6531cf3ef3d4a9f00e.json,8.242640687119284
6142f594baaf234b3529073a.json,54.0
6141d463ee0a3fd43fb47b6b.json,28.0
614204a531cf3ef3d4a9f22c.json,29.23606797749979
614201c54e27a1844a5f051c.json,32.16227766016838
6141d0bcee0a3fd43fb47ab7.json,28.0
614261344e27a1844a5f07ba.json,55.236067977499786
61424aa74e27a1844a5f0740.json,34.60555127546399
6141cf984e27a1844a5f0070.json,54.0
61423b8c3ac25c70a5c6cb3f.json,28.0
614392a3baaf234b3529074c.json,54.0
6141d7503ac25c70a5c6c919.json,31.0
6141d5b53ac25c70a5c6c8ff.json,30.82842712474619
6141ea6d4e27a1844a5f03d2.json,54.0
6141fb4bee0a3fd43fb47deb.json,31.0
61421dc931cf3ef3d4a9f318.json,30.0
6141e1169cbada84a8676a9b.json,54.0
6141e7b24e27a1844a5f03a6.json,32.0
6141ec6d31cf3ef3d4a9f104.json,5.0
6141dbd23ac25c70a5c6c94d.json,30.82842712474619
6141d1f3ee0a3fd43fb47aff.json,30.0
6141ecba31cf3ef3d4a9f10a.json,28.414213562373096
6141de733ac25c70a5c6c969.json,30.0
6141d1f6baaf234b3529029c.json,54.0
6141d86eee0a3fd43fb47be9.json,28.0
614253223ac25c70a5c6cb7d.json,31.23606797749979
6141d179baaf234b35290284.json,52.0
6141d03e31cf3ef3d4a9edfc.json,30.0
614446fc4e27a1844a5f0aba.json,55.236067977499786
6141da63baaf234b352903a8.json,54.0
6141e1474e27a1844a5f031c.json,31.82842712474619
6141dab9ee0a3fd43fb47c25.json,28.0
614241539cbada84a8676ced.json,52.0
61422a14baaf234b35290644.json,54.0
6141edea3ac25c70a5c6c9e5.json,30.0
6141d51a9cbada84a8676975.json,55.236067977499786
6141d15d31cf3ef3d4a9ee4e.json,10.0
6145ab413ac25c70a5c6cdc5.json,30.82842712474619
6141debd4e27a1844a5f02e4.json,32.16227766016838
6141d2ceee0a3fd43fb47b2b.json,28.414213562373096
6141d14631cf3ef3d4a9ee48.json,10.60555127546399
614215e64e27a1844a5f05de.json,32.16227766016838
614415593ac25c70a5c6cd5d.json,29.0
6141d3d531cf3ef3d4a9eed0.json,6.60555127546399
6142b30f31cf3ef3d4a9f5ec.json,30.0
6143002631cf3ef3d4a9f6b2.json,32.47213595499958
6141e4d39cbada84a8676ad7.json,52.0
6141d63a9cbada84a867699d.json,54.0
6143932d31cf3ef3d4a9f778.json,30.0
6141fea131cf3ef3d4a9f1ec.json,8.23606797749979
6141d4d74e27a1844a5f01b6.json,52.0
614288a79cbada84a8676d5f.json,55.236067977499786
6141fcf29cbada84a8676bd5.json,54.41421356237309
6141e82c3ac25c70a5c6c9bf.json,31.0
6141e99b4e27a1844a5f03c6.json,33.60555127546399
61452a2b3ac25c70a5c6cdb7.json,30.414213562373096
6142db7c31cf3ef3d4a9f656.json,30.0
6141f2fbbaaf234b35290508.json,54.0
6141fef59cbada84a8676be5.json,53.41421356237309
6142101a31cf3ef3d4a9f2ac.json,10.886349517372675
6141d7f29cbada84a86769d1.json,51.0
6141de079cbada84a8676a61.json,54.0
61435ee24e27a1844a5f0a2e.json,32.60555127546399
61421c2631cf3ef3d4a9f308.json,8.47213595499958
61421ab73ac25c70a5c6cabf.json,30.82842712474619
6142988731cf3ef3d4a9f5a0.json,9.47213595499958
61426378baaf234b352906d0.json,54.0
6142640dee0a3fd43fb47f49.json,30.414213562373096
6141db674e27a1844a5f0288.json,53.41421356237309
61425b6d4e27a1844a5f07a0.json,52.0
6141f32731cf3ef3d4a9f166.json,28.0
6141f87fee0a3fd43fb47dd3.json,30.0
61421e5f4e27a1844a5f061c.json,31.576491222541474
614279304e27a1844a5f0810.json,31.23606797749979
6141f0384e27a1844a5f0432.json,54.0
61425fad31cf3ef3d4a9f4b4.json,8.414213562373096
61422f6131cf3ef3d4a9f39e.json,30.414213562373096
614211ed4e27a1844a5f05be.json,54.0
614255a64e27a1844a5f0784.json,54.41421356237309
614211e4ee0a3fd43fb47e71.json,31.23606797749979
6141cfc93ac25c70a5c6c875.json,30.0
6141fe849cbada84a8676bdf.json,52.0
6141cf25b842c2e72e2f2d60.json,50.16227766016838
61423c534e27a1844a5f06ee.json,54.236067977499786
6141f3064e27a1844a5f045c.json,34.43397840021018
6142cbb59cbada84a8676d7b.json,54.0
61426f34baaf234b352906e0.json,54.0
61428fe84e27a1844a5f0872.json,51.0
6142706cbaaf234b352906e2.json,54.0
6141e1f64e27a1844a5f032c.json,33.01976483783709
6141cf79baaf234b352901e6.json,54.0
6141d0bf3ac25c70a5c6c899.json,28.0
6142344531cf3ef3d4a9f3c2.json,11.0
6142815e3ac25c70a5c6cbe5.json,31.650281539872886
6141cf94baaf234b352901f2.json,54.41421356237309
6142a58d31cf3ef3d4a9f5c2.json,6.16227766016838
614364c03ac25c70a5c6ccf3.json,31.0
6141ff104e27a1844a5f0500.json,31.242640687119284
6141fa35ee0a3fd43fb47de5.json,31.23606797749979
614377e331cf3ef3d4a9f764.json,29.23606797749979
6141d0b89cbada84a86768a5.json,54.0
6141e26431cf3ef3d4a9f064.json,28.414213562373096
6141d39631cf3ef3d4a9eec4.json,30.414213562373096
6141d44a31cf3ef3d4a9eee4.json,9.019764837837084
6141f9e631cf3ef3d4a9f1ba.json,30.0
6142edd931cf3ef3d4a9f680.json,7.0
6141d81931cf3ef3d4a9ef6a.json,30.82842712474619
614256d84e27a1844a5f078c.json,53.0
6141f7e4ee0a3fd43fb47dcf.json,30.82842712474619
6141f2a5ee0a3fd43fb47d97.json,31.650281539872886
614241dd3ac25c70a5c6cb4b.json,28.0
614234c931cf3ef3d4a9f3c6.json,4.82842712474619
6142739931cf3ef3d4a9f510.json,8.23606797749979
614415764e27a1844a5f0aa0.json,52.0
6142282fee0a3fd43fb47ecd.json,33.064495102245985
6141d0e54e27a1844a5f00f0.json,31.82842712474619
6141d046baaf234b35290236.json,54.0
61428f9b9cbada84a8676d67.json,54.41421356237309
614312c331cf3ef3d4a9f6ce.json,11.621232784634294
6141dc2f4e27a1844a5f029c.json,28.414213562373096
6142dbea3ac25c70a5c6cc5f.json,30.0
6141f82831cf3ef3d4a9f1a2.json,8.576491222541474
6141d09431cf3ef3d4a9ee18.json,30.0
6141f13c31cf3ef3d4a9f146.json,31.650281539872886
6141d3613ac25c70a5c6c8d7.json,30.414213562373096
6143b8874e27a1844a5f0a76.json,31.47213595499958
614284b84e27a1844a5f0840.json,54.41421356237309
6141cf3c4e27a1844a5f0030.json,54.41421356237309
614324444e27a1844a5f09e0.json,54.0
6141f1623ac25c70a5c6c9fd.json,30.414213562373096
614222159cbada84a8676c9f.json,54.0
614371e931cf3ef3d4a9f75c.json,7.650281539872885
6141fd104e27a1844a5f04e6.json,33.0
61422d434e27a1844a5f0690.json,35.30056307974577
61430c4a3ac25c70a5c6cc95.json,31.23606797749979
6141d6cdbaaf234b3529034c.json,54.0
61424afb31cf3ef3d4a9f43a.json,31.23606797749979
6141cf3931cf3ef3d4a9ed74.json,8.06449510224598
6143f8083ac25c70a5c6cd4b.json,28.414213562373096
614224403ac25c70a5c6cae9.json,28.414213562373096
6142145831cf3ef3d4a9f2ce.json,30.82842712474619
6141e726baaf234b35290474.json,54.0
6141dc7dbaaf234b352903ca.json,52.0
61423739baaf234b35290674.json,54.41421356237309
6141d734ee0a3fd43fb47bc7.json,32.236067977499786
6141e9e6ee0a3fd43fb47d2d.json,31.23606797749979
6141e838ee0a3fd43fb47d15.json,30.414213562373096
6141e3d34e27a1844a5f0354.json,33.0
6141d04d31cf3ef3d4a9ee00.json,31.23606797749979
6142044331cf3ef3d4a9f226.json,9.39834563766817
614265604e27a1844a5f07c8.json,35.30056307974577
6143c7bf31cf3ef3d4a9f79a.json,8.0
6141df06baaf234b352903f8.json,54.41421356237309
6141e74bee0a3fd43fb47d05.json,30.0
6141f580baaf234b3529051e.json,54.0
614304c19cbada84a8676d81.json,54.0
6141cf3131cf3ef3d4a9ed6c.json,10.886349517372675
6141d023baaf234b3529022c.json,53.0
6141cf55cc0e69a0cf28ab61.json,26.162277660168378
61420b134e27a1844a5f057a.json,53.0
614272693ac25c70a5c6cbd1.json,28.0
6141d6a131cf3ef3d4a9ef3c.json,28.414213562373096
6141e3903ac25c70a5c6c997.json,30.414213562373096
6142929e31cf3ef3d4a9f58c.json,29.23606797749979
6141fbed4e27a1844a5f04da.json,54.0
6141cf2351c1cbd9654b887a.json,48.0
6141cf4269b0784ffcf8f86b.json,24.414213562373096
6141de8e31cf3ef3d4a9f012.json,6.414213562373095
6141d7eaee0a3fd43fb47bdd.json,30.82842712474619
6141d2e1ee0a3fd43fb47b2d.json,28.0
6141cf1c31cf3ef3d4a9ed4e.json,28.414213562373096
6141da894e27a1844a5f026e.json,32.82842712474619
6141d0944e27a1844a5f00d8.json,33.84161925296378
6141d809ee0a3fd43fb47bdf.json,31.0
6141ffa59cbada84a8676be9.json,54.0
6141f2de3ac25c70a5c6ca09.json,30.0
6141e0ed4e27a1844a5f0316.json,32.3851648071345
6141fb739cbada84a8676bc9.json,54.0
6146ecdb3ac25c70a5c6cdef.json,30.0
6141e57f4e27a1844a5f0376.json,31.414213562373096
6141d5da3ac25c70a5c6c901.json,28.414213562373096
6141cfe0baaf234b35290214.json,52.0
6141cfb09cbada84a8676849.json,53.0
614296ee4e27a1844a5f088e.json,54.41421356237309
6141d14eee0a3fd43fb47adb.json,31.23606797749979
6141e9eabaaf234b352904a0.json,54.41421356237309
614318284e27a1844a5f09c6.json,34.0
61421b8231cf3ef3d4a9f306.json,8.06449510224598
61423df6baaf234b35290682.json,54.41421356237309
6142e7c94e27a1844a5f0970.json,33.0
61433f7e31cf3ef3d4a9f716.json,30.414213562373096
6141f6b831cf3ef3d4a9f190.json,8.47213595499958
6141cf1869b0784ffcf8f85b.json,24.0
6142498f4e27a1844a5f073a.json,33.06449510224598
6141cf21baaf234b3529019e.json,54.41421356237309
6143f1d54e27a1844a5f0a88.json,54.0
6141cf399cbada84a86767f9.json,54.0
6141cf4b31cf3ef3d4a9ed84.json,9.47213595499958
6141f9944e27a1844a5f04b8.json,33.01976483783709
61428a5431cf3ef3d4a9f568.json,30.414213562373096
6141ee5731cf3ef3d4a9f11c.json,30.0
6141d9fa9cbada84a8676a05.json,54.41421356237309
6141e36031cf3ef3d4a9f078.json,28.414213562373096
6141d46031cf3ef3d4a9eee8.json,7.23606797749979
61420bf9ee0a3fd43fb47e55.json,30.82842712474619
61425053ee0a3fd43fb47f2f.json,30.414213562373096
6143cb9a3ac25c70a5c6cd35.json,30.0
6141fd1531cf3ef3d4a9f1da.json,8.886349517372675
6141e9a5ee0a3fd43fb47d2b.json,30.0
6141d6209cbada84a8676999.json,54.0
6141cfb531cf3ef3d4a9edc4.json,31.23606797749979
6141def2baaf234b352903f6.json,54.0
6141ee6d9cbada84a8676b4f.json,54.0
614254dc4e27a1844a5f0780.json,30.0
6141dc6dee0a3fd43fb47c51.json,30.414213562373096
614259f2ee0a3fd43fb47f3f.json,32.47213595499958
61420bdd3ac25c70a5c6ca89.json,31.23606797749979
6141e8e83ac25c70a5c6c9c5.json,29.0
6142e26f3ac25c70a5c6cc67.json,26.0
6141fe0dee0a3fd43fb47e03.json,32.47213595499958
6141dcb59cbada84a8676a45.json,53.0
6145edc43ac25c70a5c6cdcf.json,30.414213562373096
6143641131cf3ef3d4a9f74c.json,10.23606797749979
6141e6a14e27a1844a5f0390.json,32.16227766016838
6141cf4d31cf3ef3d4a9ed86.json,9.242640687119284
6142065d31cf3ef3d4a9f23e.json,10.7993783695076
6141e7f73ac25c70a5c6c9bd.json,30.414213562373096
6141e198ee0a3fd43fb47caf.json,30.414213562373096
6142898a4e27a1844a5f0858.json,33.84161925296378
6141d0cc9cbada84a86768ab.json,52.0
6141d0c931cf3ef3d4a9ee28.json,4.60555127546399
61429f0f4e27a1844a5f08b2.json,54.0
6141cf6c31cf3ef3d4a9ed9a.json,30.82842712474619
6141f25b31cf3ef3d4a9f158.json,9.39834563766817
614209959cbada84a8676c3b.json,54.0
6141cfb49cbada84a867684b.json,53.0
6142ca6b31cf3ef3d4a9f628.json,30.82842712474619
6141efec9cbada84a8676b63.json,55.0
6141f06bee0a3fd43fb47d7f.json,31.0
61424942ee0a3fd43fb47f21.json,28.0
6146d0b54e27a1844a5f0b02.json,31.0
614296b631cf3ef3d4a9f598.json,4.82842712474619
6143f85231cf3ef3d4a9f7b6.json,31.414213562373096
6141fec7baaf234b35290568.json,54.0
6141f7a49cbada84a8676ba3.json,54.0
6142cd7f3ac25c70a5c6cc4b.json,31.0
6141cf1802d926221cabc551.json,26.23606797749979
6141e565ee0a3fd43fb47ce7.json,30.0
6141d5654e27a1844a5f01ca.json,54.41421356237309
6141d30c4e27a1844a5f0168.json,54.0
61440a4731cf3ef3d4a9f7ca.json,31.82842712474619
6141daaa31cf3ef3d4a9efb2.json,30.0
6142140c31cf3ef3d4a9f2ca.json,7.414213562373095
6141d6cb31cf3ef3d4a9ef42.json,30.0
61420d8e31cf3ef3d4a9f292.json,28.0
6141daae9cbada84a8676a15.json,54.0
6141cfea4e27a1844a5f0098.json,54.0
6142be594e27a1844a5f090c.json,54.41421356237309
6142136dbaaf234b352905d8.json,54.0
6142bbee4e27a1844a5f0904.json,30.414213562373096
6141e112ee0a3fd43fb47ca5.json,31.82842712474619
6141cf2969b0784ffcf8f867.json,25.650281539872886
6141d663ee0a3fd43fb47bb1.json,30.414213562373096
6141d2113ac25c70a5c6c8bb.json,31.0
61427edf31cf3ef3d4a9f53e.json,31.23606797749979
6141d83c4e27a1844a5f0228.json,31.650281539872886
61421cd93ac25c70a5c6cac9.json,28.0
6141deed31cf3ef3d4a9f01a.json,9.06449510224598
6141f17231cf3ef3d4a9f14a.json,9.886349517372675
6141da0fbaaf234b352903a0.json,54.0
6141cfa0baaf234b352901f8.json,55.236067977499786
614383d631cf3ef3d4a9f76e.json,31.23606797749979
6141df1231cf3ef3d4a9f01c.json,5.414213562373095
614261d49cbada84a8676d3b.json,53.41421356237309
6141dcc63ac25c70a5c6c957.json,30.82842712474619
6142f3d231cf3ef3d4a9f696.json,30.414213562373096
6141f57b31cf3ef3d4a9f184.json,9.43397840021018
6141cf1369b0784ffcf8f84f.json,26.82842712474619
6145c7034e27a1844a5f0afa.json,33.39834563766817
6141d30e9cbada84a8676925.json,52.0
6141d099ee0a3fd43fb47aaf.json,30.0
6142090aee0a3fd43fb47e43.json,28.414213562373096
6142a6b631cf3ef3d4a9f5c6.json,31.650281539872886
6141d342baaf234b352902d8.json,54.0
61421e01ee0a3fd43fb47eab.json,28.0
61420264baaf234b35290584.json,54.0
614204604e27a1844a5f0534.json,54.0
6141e5ae4e27a1844a5f037a.json,32.57649122254148
614248c4baaf234b352906a2.json,54.41421356237309
61420329baaf234b35290586.json,54.0
6142469e3ac25c70a5c6cb59.json,28.414213562373096
614261644e27a1844a5f07bc.json,53.41421356237309
614200babaaf234b35290576.json,54.41421356237309
6141cfac3ac25c70a5c6c86f.json,31.0
6141de0b3ac25c70a5c6c965.json,31.23606797749979
6144d1a34e27a1844a5f0ad6.json,32.16227766016838
6142574f31cf3ef3d4a9f48e.json,8.414213562373096
614224d14e27a1844a5f0652.json,32.236067977499786
6143a3fb3ac25c70a5c6cd1f.json,30.0
6142c0344e27a1844a5f0912.json,54.0
6142da6731cf3ef3d4a9f652.json,9.812559200041264
6141d87031cf3ef3d4a9ef74.json,31.23606797749979
6141d54b4e27a1844a5f01c6.json,32.16227766016838
61422d2fee0a3fd43fb47edf.json,28.0
6145921a3ac25c70a5c6cdc1.json,31.0
6141cfd531cf3ef3d4a9edd2.json,31.650281539872886
6141d63fbaaf234b3529033a.json,54.0
6142509cbaaf234b352906b2.json,51.0
614299c54e27a1844a5f089e.json,54.0
6141cfbd31cf3ef3d4a9edc8.json,31.0
6141fb214e27a1844a5f04ce.json,54.0
61420f6231cf3ef3d4a9f2a4.json,28.414213562373096
614359764e27a1844a5f0a24.json,54.41421356237309
6141cf8831cf3ef3d4a9edac.json,8.359173603117451
61420b384e27a1844a5f057c.json,52.0
6141d95d31cf3ef3d4a9ef8e.json,30.414213562373096
6141e249baaf234b3529042a.json,54.0
614205c54e27a1844a5f0542.json,29.162277660168378
6141d6499cbada84a867699f.json,55.0
6142743f31cf3ef3d4a9f512.json,9.245165457218395
6141cf1c9cbada84a86767cf.json,55.236067977499786
6141cff44e27a1844a5f009c.json,54.41421356237309
6141cf1c4e27a1844a5f0006.json,33.60555127546399
6141cfc99cbada84a8676855.json,54.41421356237309
6141cf4abaaf234b352901c8.json,55.236067977499786
6141e87fbaaf234b3529048a.json,54.0
61421ddfee0a3fd43fb47ea9.json,31.414213562373096
6141e1c3ee0a3fd43fb47cb3.json,28.0
61420b914e27a1844a5f0580.json,54.41421356237309
61425b4e31cf3ef3d4a9f4a4.json,29.23606797749979
6144f4eb3ac25c70a5c6cda7.json,30.0
6141d76bee0a3fd43fb47bcd.json,31.23606797749979
614293d731cf3ef3d4a9f58e.json,30.0
61428f53baaf234b35290706.json,55.236067977499786
6142cca89cbada84a8676d7d.json,56.16227766016838
6141d26c3ac25c70a5c6c8c3.json,30.82842712474619
6141e5c34e27a1844a5f037c.json,54.0
6141daf59cbada84a8676a1d.json,54.0
614298104e27a1844a5f0894.json,54.0
61425bde9cbada84a8676d29.json,52.0
6141dea5baaf234b352903f0.json,52.0
6141ff1d31cf3ef3d4a9f1f2.json,29.23606797749979
6141f3ae3ac25c70a5c6ca0f.json,30.414213562373096
61422988baaf234b35290640.json,54.0
6141e202baaf234b35290426.json,54.0
614235b531cf3ef3d4a9f3cc.json,6.414213562373095
6141cf3a4e27a1844a5f002e.json,54.0
6141dcc24e27a1844a5f02ae.json,52.0
6141de1931cf3ef3d4a9f006.json,7.650281539872885
6141ddd84e27a1844a5f02cc.json,54.0
6141d0af3ac25c70a5c6c897.json,30.0
6141e9374e27a1844a5f03be.json,55.82842712474619
61420cbabaaf234b352905ba.json,54.0
6141d4c29cbada84a8676967.json,55.0
6142c3b04e27a1844a5f091c.json,54.0
61424aadee0a3fd43fb47f25.json,31.82842712474619
6142302f31cf3ef3d4a9f3a2.json,8.65685424949238
6142031bee0a3fd43fb47e23.json,30.82842712474619
6141e3729cbada84a8676ac1.json,54.0
6141f0534e27a1844a5f0434.json,54.41421356237309
6141e51e4e27a1844a5f036e.json,54.0
614226133ac25c70a5c6caf1.json,30.82842712474619
6143d5573ac25c70a5c6cd41.json,30.414213562373096
6142315b31cf3ef3d4a9f3ae.json,30.82842712474619
6141f561ee0a3fd43fb47db3.json,31.0
6141d0a99cbada84a86768a1.json,54.41421356237309
6141cf2dbaaf234b352901ae.json,53.0
6141e372baaf234b3529043c.json,52.0
6141cf1f4e27a1844a5f000e.json,54.0
6141cf18baaf234b3529018c.json,54.0
6141cf133ac25c70a5c6c837.json,30.414213562373096
6141cf6e9cbada84a8676823.json,54.0
6141e792ee0a3fd43fb47d0b.json,30.0
61420e0331cf3ef3d4a9f296.json,11.07768723046357
6141d2244e27a1844a5f013e.json,54.41421356237309
6141e4534e27a1844a5f035e.json,54.41421356237309
6141d96e3ac25c70a5c6c935.json,28.0
6141d0884e27a1844a5f00d4.json,34.41421356237309
6142a41e4e27a1844a5f08c2.json,54.41421356237309
6141d128baaf234b35290274.json,55.236067977499786
6141f9869cbada84a8676bbb.json,55.236067977499786
614336933ac25c70a5c6ccc7.json,31.23606797749979
6141d0699cbada84a867688d.json,54.0
6141e2ce4e27a1844a5f0340.json,55.0
614221833ac25c70a5c6cadd.json,30.0
6141d9954e27a1844a5f0250.json,29.82842712474619
6141f224baaf234b35290502.json,52.0
6141d08dbaaf234b3529024c.json,54.41421356237309
614205a93ac25c70a5c6ca6d.json,32.47213595499958
6141cf324e27a1844a5f0026.json,54.0
614235314e27a1844a5f06c0.json,55.236067977499786
6141e8b23ac25c70a5c6c9c3.json,30.414213562373096
61421a90ee0a3fd43fb47e95.json,30.414213562373096
614202ca31cf3ef3d4a9f218.json,31.0
614229933ac25c70a5c6cafd.json,30.0
6141e1dd3ac25c70a5c6c987.json,28.414213562373096
6141e3f23ac25c70a5c6c99b.json,28.414213562373096
6141ef9f31cf3ef3d4a9f12c.json,32.236067977499786
614502123ac25c70a5c6cdad.json,30.0
614333ae3ac25c70a5c6ccc3.json,28.0
6141d0eb9cbada84a86768b1.json,55.0
6141d604baaf234b35290336.json,54.41421356237309
6141d7bdbaaf234b35290366.json,53.41421356237309
6141ef03ee0a3fd43fb47d6b.json,30.414213562373096
6141cf53ee0a3fd43fb47a25.json,31.0
6141d035ee0a3fd43fb47a8d.json,31.23606797749979
6141eb3531cf3ef3d4a9f0f4.json,4.414213562373095
6142fa6e31cf3ef3d4a9f6a8.json,10.32455532033676
61423c5931cf3ef3d4a9f3fa.json,7.650281539872885
6141d9a3ee0a3fd43fb47c05.json,30.82842712474619
6141d33031cf3ef3d4a9eeb4.json,9.70820393249937
6141d41e3ac25c70a5c6c8e5.json,30.414213562373096
6141cfd2baaf234b3529020e.json,54.0
61430d204e27a1844a5f09ba.json,31.23606797749979
614203364e27a1844a5f052c.json,53.0
6141ec864e27a1844a5f03f0.json,54.0
6141eae831cf3ef3d4a9f0ee.json,31.0
6141d8dcee0a3fd43fb47bf3.json,30.0
61426e454e27a1844a5f07e6.json,54.0
6142d620ee0a3fd43fb47f87.json,29.0
614244e231cf3ef3d4a9f420.json,8.0
6141cf314e27a1844a5f0024.json,34.0
6141d3ebee0a3fd43fb47b59.json,29.23606797749979
6141d38031cf3ef3d4a9eec0.json,10.123105625617661
61422d869cbada84a8676cbd.json,54.0
61421b164e27a1844a5f0606.json,33.16227766016838
614235cb9cbada84a8676cd1.json,54.0
6141d528baaf234b35290318.json,53.0
6143f2ab31cf3ef3d4a9f7b0.json,28.414213562373096
614203b29cbada84a8676c0f.json,53.41421356237309
6141da119cbada84a8676a07.json,54.0
6141ea464e27a1844a5f03d0.json,53.0
6141cfa9baaf234b352901fc.json,52.0
6141f2984e27a1844a5f0454.json,35.28538328578604
614261e231cf3ef3d4a9f4bc.json,10.848191962583275
6141d2259cbada84a86768f9.json,54.0
6142910b31cf3ef3d4a9f584.json,8.886349517372675
6141f3a14e27a1844a5f0462.json,31.0
614230454e27a1844a5f06a4.json,33.16227766016838
6142f4aa31cf3ef3d4a9f69a.json,30.0
6141cf189cbada84a86767c3.json,54.41421356237309
6141e9b34e27a1844a5f03c8.json,54.0
6142c41231cf3ef3d4a9f614.json,31.0
6141d79a31cf3ef3d4a9ef5c.json,9.886349517372675
614226d031cf3ef3d4a9f366.json,31.650281539872886
6141cf52baaf234b352901ce.json,54.0
6142698531cf3ef3d4a9f4e8.json,7.82842712474619
6142da0c31cf3ef3d4a9f650.json,31.414213562373096
6144734f31cf3ef3d4a9f7f8.json,31.23606797749979
6141e9d34e27a1844a5f03ca.json,54.41421356237309
6142483b31cf3ef3d4a9f42c.json,28.0
61420da69cbada84a8676c57.json,55.0
6141d3f4baaf234b352902f2.json,52.0
614272b331cf3ef3d4a9f508.json,12.60555127546399
61420aa6ee0a3fd43fb47e4d.json,31.23606797749979
6141cf1969b0784ffcf8f85f.json,25.23606797749979
61421e50ee0a3fd43fb47eaf.json,31.0
61424bb94e27a1844a5f0746.json,31.82842712474619
6141d08dee0a3fd43fb47aab.json,30.414213562373096
6141e29c4e27a1844a5f033c.json,32.60555127546399
6141d2954e27a1844a5f0152.json,33.236067977499786
61445b664e27a1844a5f0ac2.json,31.23606797749979
6142329aee0a3fd43fb47ee9.json,31.0
6141e290ee0a3fd43fb47cc1.json,31.0
6141d819baaf234b35290370.json,54.0
614284524e27a1844a5f083c.json,31.23606797749979
6141d24b4e27a1844a5f0144.json,52.0
6141f00b31cf3ef3d4a9f134.json,31.650281539872886
6141d16431cf3ef3d4a9ee50.json,10.478708664619074
6141e3dfbaaf234b35290440.json,52.0
6141d5679cbada84a867697f.json,55.0
6141d422baaf234b352902f8.json,54.0
6141d5254e27a1844a5f01c2.json,34.236067977499786
6141dbf5ee0a3fd43fb47c45.json,28.414213562373096
6141fd89ee0a3fd43fb47dff.json,30.414213562373096
6141d8439cbada84a86769db.json,54.0
614236feee0a3fd43fb47ef9.json,30.414213562373096
6141e33c9cbada84a8676abf.json,54.41421356237309
6141dde931cf3ef3d4a9f002.json,5.82842712474619
6141e20c3ac25c70a5c6c989.json,28.414213562373096
6141d0139cbada84a8676871.json,54.41421356237309
61421602baaf234b352905e4.json,53.41421356237309
6141d1ecbaaf234b3529029a.json,51.0
6141cf684e27a1844a5f0054.json,32.16227766016838
6141cf8131cf3ef3d4a9eda8.json,9.84161925296378
6141dd8b4e27a1844a5f02c4.json,54.41421356237309
614221273ac25c70a5c6cadb.json,32.236067977499786
6141cf9d31cf3ef3d4a9edb8.json,31.0
614265b54e27a1844a5f07ca.json,34.0
6141d2ac9cbada84a8676915.json,54.0
6141d536ee0a3fd43fb47b89.json,31.650281539872886
61422c254e27a1844a5f0684.json,54.0
6141cf13cc0e69a0cf28ab3d.json,28.099019513592786
6142baadee0a3fd43fb47f85.json,30.414213562373096
6141e735ee0a3fd43fb47d03.json,30.414213562373096
6141fb6abaaf234b3529054a.json,54.41421356237309
614239ed31cf3ef3d4a9f3ec.json,9.478708664619074
6141d4b331cf3ef3d4a9eef6.json,7.65685424949238
6141f29b9cbada84a8676b7b.json,52.0
61425d0d3ac25c70a5c6cb99.json,30.414213562373096
6141df5fbaaf234b352903fc.json,54.0
6143483831cf3ef3d4a9f722.json,8.47213595499958
6142528d4e27a1844a5f0776.json,31.650281539872886
6141cff9ee0a3fd43fb47a77.json,31.23606797749979
6141ddc531cf3ef3d4a9f000.json,31.23606797749979
6142fc6f4e27a1844a5f099c.json,33.65685424949238
6141d315baaf234b352902d0.json,52.0
614282583ac25c70a5c6cbe7.json,28.0
6142236f31cf3ef3d4a9f34a.json,8.0
614256bb9cbada84a8676d21.json,54.0
6144fbfe31cf3ef3d4a9f814.json,29.82842712474619
6141cfed51c1cbd9654b888a.json,46.0
61427ba431cf3ef3d4a9f530.json,28.0
6141ddbfbaaf234b352903de.json,55.236067977499786
614290d431cf3ef3d4a9f582.json,31.414213562373096
6141e04b4e27a1844a5f030a.json,54.0
6141d19c9cbada84a86768df.json,55.0
6141fb329cbada84a8676bc7.json,54.0
6141ec16baaf234b352904be.json,54.41421356237309
6142bd8bbaaf234b35290726.json,54.0
6141d1534e27a1844a5f010c.json,32.242640687119284
614209acee0a3fd43fb47e47.json,30.414213562373096
6141e165baaf234b3529041a.json,54.0
614232473ac25c70a5c6cb1d.json,30.414213562373096
6141ee84baaf234b352904de.json,54.41421356237309
6141f68cbaaf234b35290528.json,54.0
6141ea1331cf3ef3d4a9f0e2.json,31.414213562373096
6141d19431cf3ef3d4a9ee5c.json,10.30056307974577
6141f84631cf3ef3d4a9f1a4.json,7.23606797749979
6141cf449cbada84a8676803.json,54.41421356237309
614376c84e27a1844a5f0a44.json,54.0
6141ec14ee0a3fd43fb47d4d.json,31.650281539872886
61425fa24e27a1844a5f07b4.json,54.41421356237309
6141d713ee0a3fd43fb47bc5.json,31.414213562373096
6142dad34e27a1844a5f0952.json,33.65685424949238
6143106131cf3ef3d4a9f6ca.json,30.414213562373096
614208469cbada84a8676c33.json,53.0
6141dabb3ac25c70a5c6c943.json,30.0
6141d2a84e27a1844a5f0156.json,28.0
6141f9544e27a1844a5f04b4.json,31.23606797749979
614255173ac25c70a5c6cb85.json,28.414213562373096
614205579cbada84a8676c1b.json,52.0
61426a8b4e27a1844a5f07d6.json,54.41421356237309
6141dcee3ac25c70a5c6c959.json,30.414213562373096
61427a0e31cf3ef3d4a9f528.json,28.0
6141d1ad31cf3ef3d4a9ee62.json,8.414213562373096
6141d179ee0a3fd43fb47ae5.json,33.064495102245985
6141d1104e27a1844a5f00fc.json,30.0
6142b8194e27a1844a5f08fc.json,31.23606797749979
6141cfc231cf3ef3d4a9edca.json,30.0
614323714e27a1844a5f09dc.json,55.0
614392773ac25c70a5c6cd17.json,30.414213562373096
6141ef943ac25c70a5c6c9f1.json,31.23606797749979
6142cd2831cf3ef3d4a9f634.json,9.47213595499958
614250eaee0a3fd43fb47f33.json,30.0
6141d0a14e27a1844a5f00dc.json,54.0
61421196baaf234b352905d0.json,54.0
6141d029baaf234b3529022e.json,54.0
6142540d3ac25c70a5c6cb81.json,31.650281539872886
614262f931cf3ef3d4a9f4c4.json,31.23606797749979
6141d6929cbada84a86769a9.json,55.82842712474619
6141e0869cbada84a8676a8d.json,52.0
6141d0524e27a1844a5f00c2.json,33.242640687119284
614201c0baaf234b35290580.json,54.0
6141cf389cbada84a86767f7.json,54.0
6142006fbaaf234b35290574.json,52.0
6141e1e34e27a1844a5f032a.json,54.0
61426787ee0a3fd43fb47f4f.json,30.414213562373096
6141de1cee0a3fd43fb47c79.json,30.0
61434e6431cf3ef3d4a9f72c.json,6.414213562373095
6142261f31cf3ef3d4a9f360.json,31.23606797749979
6142567031cf3ef3d4a9f486.json,28.0
614233494e27a1844a5f06b2.json,54.0
6143204531cf3ef3d4a9f6e4.json,29.23606797749979
61424f7e9cbada84a8676d13.json,55.0
6141e79e31cf3ef3d4a9f0bc.json,31.650281539872886
6141ec0431cf3ef3d4a9f0fe.json,30.414213562373096
6141d14e3ac25c70a5c6c8a9.json,30.414213562373096
614231b33ac25c70a5c6cb1b.json,31.23606797749979
61427355baaf234b352906e6.json,54.41421356237309
61440b454e27a1844a5f0a96.json,54.0
6141e23cee0a3fd43fb47cbb.json,28.0
6141fbefee0a3fd43fb47df5.json,31.0
61428fd731cf3ef3d4a9f57c.json,31.23606797749979
6141dde94e27a1844a5f02ce.json,32.242640687119284
6141e0079cbada84a8676a83.json,54.41421356237309
614202eb31cf3ef3d4a9f21a.json,29.23606797749979
6141db384e27a1844a5f0282.json,54.0
61425d3a4e27a1844a5f07aa.json,32.16227766016838
61442d83ee0a3fd43fb47fa1.json,30.0
6141cf2fbaaf234b352901b0.json,54.0
6141fd1d9cbada84a8676bd7.json,54.0
6141d2d431cf3ef3d4a9eea2.json,11.714776642118863
6141f0f031cf3ef3d4a9f142.json,12.307135789365265
61435d9c4e27a1844a5f0a2c.json,54.41421356237309
6141f21b4e27a1844a5f044c.json,28.414213562373096
6142dd4f4e27a1844a5f095a.json,33.84161925296378
614217a731cf3ef3d4a9f2e6.json,30.0
6141d4959cbada84a8676961.json,54.41421356237309
6141f47b3ac25c70a5c6ca15.json,32.242640687119284
6142172e4e27a1844a5f05ec.json,31.23606797749979
6141e2444e27a1844a5f0334.json,32.47213595499958
6141d2b69cbada84a8676917.json,54.41421356237309
6142189631cf3ef3d4a9f2ec.json,10.16227766016838
6141f8b9ee0a3fd43fb47dd7.json,28.0
6141d7ceee0a3fd43fb47bd9.json,30.414213562373096
61436bb03ac25c70a5c6ccf9.json,31.414213562373096
61424f4231cf3ef3d4a9f452.json,30.82842712474619
6141df123ac25c70a5c6c96f.json,30.414213562373096
614455f031cf3ef3d4a9f7ee.json,3.8284271247461903
6141de7dbaaf234b352903ee.json,54.41421356237309
6141d8c34e27a1844a5f023a.json,32.242640687119284
6141e5159cbada84a8676add.json,54.41421356237309
6141dd329cbada84a8676a4f.json,52.0
6141e3f6baaf234b35290442.json,54.41421356237309
614250523ac25c70a5c6cb75.json,31.0
6141d64031cf3ef3d4a9ef2e.json,9.019764837837084
6142f63e31cf3ef3d4a9f69c.json,31.23606797749979
614288c54e27a1844a5f0854.json,54.0
61425ca231cf3ef3d4a9f4aa.json,30.414213562373096
61420c67baaf234b352905b8.json,55.0
6141d97d31cf3ef3d4a9ef92.json,28.0
6141d86131cf3ef3d4a9ef72.json,31.23606797749979
6141d1949cbada84a86768dd.json,54.0
6141ecd04e27a1844a5f03f4.json,33.242640687119284
6141d189ee0a3fd43fb47ae9.json,28.0
6141d086baaf234b3529024a.json,52.0
6141cf814e27a1844a5f0064.json,34.82842712474619
6141d23431cf3ef3d4a9ee80.json,31.650281539872886
6141d34e4e27a1844a5f0174.json,54.41421356237309
614274c03ac25c70a5c6cbd7.json,28.0
6141ffa44e27a1844a5f0508.json,54.0
61426bdc31cf3ef3d4a9f4f0.json,31.414213562373096
614272ab4e27a1844a5f07fa.json,33.39834563766817
6141cf19a05be5973bd77a71.json,48.0
614299f94e27a1844a5f08a0.json,54.0
6141e8009cbada84a8676b05.json,54.41421356237309
6141d1e59cbada84a86768ed.json,54.0
6142024dee0a3fd43fb47e21.json,32.242640687119284
6141dece4e27a1844a5f02e6.json,34.359173603117455
6141d45431cf3ef3d4a9eee6.json,11.22677276241436
614257acee0a3fd43fb47f39.json,29.23606797749979
6141dabe9cbada84a8676a17.json,54.0
6141d3973ac25c70a5c6c8db.json,30.414213562373096
6141ee549cbada84a8676b4d.json,54.0
6141ff0bee0a3fd43fb47e0f.json,30.414213562373096
6141d52a9cbada84a8676977.json,54.0
61423d143ac25c70a5c6cb43.json,31.414213562373096
6141d8d14e27a1844a5f023c.json,30.414213562373096
61422bf69cbada84a8676cbb.json,54.0
6141d254ee0a3fd43fb47b15.json,30.414213562373096
6141f9f24e27a1844a5f04be.json,54.0
6141d94c3ac25c70a5c6c933.json,30.0
6141e3e84e27a1844a5f0356.json,33.65685424949238
6141f3f63ac25c70a5c6ca11.json,30.0
6141d57e9cbada84a8676983.json,54.0
614331254e27a1844a5f09f4.json,32.60555127546399
6141dd59baaf234b352903d8.json,55.236067977499786
6141cf1302d926221cabc547.json,24.414213562373096
6142a6ee3ac25c70a5c6cc1f.json,31.23606797749979
6141e12c3ac25c70a5c6c983.json,30.414213562373096
614232ae31cf3ef3d4a9f3b6.json,30.82842712474619
61421b0f3ac25c70a5c6cac1.json,30.414213562373096
6141d33b9cbada84a867692d.json,52.0
6142cf4bbaaf234b3529072a.json,54.0
6141ea2bbaaf234b352904a4.json,54.41421356237309
6141cf3f31cf3ef3d4a9ed7a.json,9.16227766016838
6141d0029cbada84a867686b.json,54.41421356237309
6141cf3a3ac25c70a5c6c851.json,30.414213562373096
614304623ac25c70a5c6cc8f.json,30.414213562373096
6141d3e94e27a1844a5f0190.json,54.236067977499786
614255a631cf3ef3d4a9f47e.json,28.0
6142025c9cbada84a8676c03.json,54.0
6141d8ed4e27a1844a5f0240.json,32.60555127546399
6142738b3ac25c70a5c6cbd5.json,30.0
6141d0284e27a1844a5f00b2.json,55.0
6142177a4e27a1844a5f05ee.json,30.414213562373096
6141cf1a31cf3ef3d4a9ed4a.json,10.414213562373096
6142fc9eee0a3fd43fb47f93.json,30.0
61420633baaf234b3529059c.json,54.0
61431a044e27a1844a5f09cc.json,31.82842712474619
6141cf6731cf3ef3d4a9ed98.json,30.414213562373096
61422ba34e27a1844a5f067e.json,54.0
6142839cee0a3fd43fb47f63.json,31.0
61420e754e27a1844a5f059a.json,34.0
6141d2e39cbada84a867691d.json,54.0
614210529cbada84a8676c69.json,54.0
6141d0dabaaf234b35290260.json,55.0
6141f6004e27a1844a5f0486.json,54.0
6141eafcbaaf234b352904ae.json,52.0
6141dcf8ee0a3fd43fb47c5f.json,31.414213562373096
6141eadcee0a3fd43fb47d3b.json,31.0
6141e2543ac25c70a5c6c98b.json,28.414213562373096
6141eed53ac25c70a5c6c9eb.json,28.414213562373096
6141d26c9cbada84a8676909.json,54.0
6142279e9cbada84a8676cb1.json,54.41421356237309
6141d0e63ac25c70a5c6c89d.json,29.23606797749979
6141ec97ee0a3fd43fb47d53.json,26.0
6142119a3ac25c70a5c6caa3.json,30.82842712474619
614208884e27a1844a5f055c.json,55.236067977499786
6142f8df4e27a1844a5f0994.json,30.414213562373096
6143e4c831cf3ef3d4a9f7a6.json,30.0
6141cf199cbada84a86767c7.json,55.236067977499786
6141cf44baaf234b352901c4.json,52.0
614247ae4e27a1844a5f072a.json,52.0
6141ef1931cf3ef3d4a9f12a.json,26.0
6141cf6d51c1cbd9654b8882.json,48.0
61420c2731cf3ef3d4a9f286.json,30.414213562373096
6141d123ee0a3fd43fb47ad1.json,28.0
6141cf31baaf234b352901b2.json,53.41421356237309
6144ab2031cf3ef3d4a9f804.json,26.0
61428c13baaf234b35290702.json,53.41421356237309
6141d42e4e27a1844a5f019c.json,54.0
6141e6f231cf3ef3d4a9f0b0.json,8.47213595499958
6142222b4e27a1844a5f063c.json,52.0
61420fd231cf3ef3d4a9f2aa.json,31.414213562373096
6141dff031cf3ef3d4a9f02e.json,11.799378369507599
6142fcea4e27a1844a5f099e.json,28.414213562373096
61424fdb3ac25c70a5c6cb73.json,31.23606797749979
61421fd4ee0a3fd43fb47eb3.json,31.0
6142042231cf3ef3d4a9f224.json,7.242640687119285
6141cf1b02d926221cabc553.json,24.0
6141e7de4e27a1844a5f03aa.json,33.39834563766817
614298fb3ac25c70a5c6cc0d.json,31.23606797749979
6141e27831cf3ef3d4a9f066.json,26.0
61421b129cbada84a8676c8d.json,54.0
6141f0cd9cbada84a8676b6d.json,52.0
6141d3034e27a1844a5f0166.json,31.82842712474619
6141eccb9cbada84a8676b3d.json,55.82842712474619
614289bd4e27a1844a5f085a.json,34.0
6141f3edbaaf234b35290516.json,54.41421356237309
6142afd43ac25c70a5c6cc31.json,31.414213562373096
6141dab54e27a1844a5f0274.json,29.23606797749979
614217a04e27a1844a5f05f0.json,54.0
6142a8513ac25c70a5c6cc23.json,31.0
6141fea54e27a1844a5f04fa.json,54.0
6141d5dcee0a3fd43fb47b9f.json,30.0
614279a131cf3ef3d4a9f526.json,31.0
6141dc4331cf3ef3d4a9efde.json,30.0
614247384e27a1844a5f0728.json,32.236067977499786
6141d00e9cbada84a867686f.json,53.41421356237309
6141dc0431cf3ef3d4a9efd8.json,31.0
6142dfa53ac25c70a5c6cc63.json,30.0
61423fa7baaf234b35290688.json,54.41421356237309
61424b2a31cf3ef3d4a9f43c.json,9.60555127546399
6142343ebaaf234b35290668.json,55.236067977499786
6141cf83baaf234b352901ea.json,54.41421356237309
61433f2631cf3ef3d4a9f714.json,8.242640687119286
6141df3d3ac25c70a5c6c971.json,31.23606797749979
61424fb94e27a1844a5f0760.json,32.242640687119284
6141cfe14e27a1844a5f0094.json,33.88634951737267
6142096b4e27a1844a5f0566.json,55.236067977499786
61425f9a3ac25c70a5c6cba1.json,30.414213562373096
6141d829baaf234b35290372.json,55.236067977499786
6142a7044e27a1844a5f08d2.json,31.650281539872886
6141fbbfee0a3fd43fb47df3.json,31.23606797749979
6142356031cf3ef3d4a9f3ca.json,9.84161925296378
6143178631cf3ef3d4a9f6d8.json,7.650281539872885
6143bd0f31cf3ef3d4a9f794.json,8.0
6141cfcf4e27a1844a5f008c.json,33.236067977499786
6141cf1051c1cbd9654b8872.json,48.0
6141fec54e27a1844a5f04fc.json,32.16227766016838
6141d0b9baaf234b35290258.json,54.0
6141cf44ee0a3fd43fb47a19.json,31.650281539872886
6141f90dee0a3fd43fb47ddb.json,31.23606797749979
6141da00ee0a3fd43fb47c11.json,28.0
61422cce3ac25c70a5c6cb09.json,30.414213562373096
61430bae3ac25c70a5c6cc93.json,28.414213562373096
6141e1154e27a1844a5f031a.json,52.0
61428d5a31cf3ef3d4a9f574.json,30.0
6142f02631cf3ef3d4a9f688.json,31.23606797749979
6142908d4e27a1844a5f0878.json,33.01976483783709
6141dcfb9cbada84a8676a49.json,55.236067977499786
6141df6431cf3ef3d4a9f022.json,26.0
6141eb31baaf234b352904b2.json,54.41421356237309
6141d62531cf3ef3d4a9ef2a.json,30.0
6143479d31cf3ef3d4a9f720.json,30.414213562373096
6142e59131cf3ef3d4a9f670.json,10.16227766016838
6141cfb131cf3ef3d4a9edc2.json,9.576491222541474
6141d4bb3ac25c70a5c6c8ef.json,30.0
614277eb4e27a1844a5f080c.json,32.57649122254148
6141e6044e27a1844a5f0382.json,30.0
6141dae9ee0a3fd43fb47c2b.json,30.414213562373096
6141e5daee0a3fd43fb47ced.json,31.0
61425c819cbada84a8676d2d.json,53.0
6142cccd4e27a1844a5f0930.json,54.0
6141da71ee0a3fd43fb47c1d.json,31.414213562373096
6141e84fee0a3fd43fb47d17.json,30.0
6141d398ee0a3fd43fb47b4b.json,31.0
614244594e27a1844a5f0718.json,31.0
61429b0f4e27a1844a5f08a6.json,55.236067977499786
6141d11931cf3ef3d4a9ee3c.json,32.47213595499958
614232eebaaf234b35290660.json,54.41421356237309
6141e3c431cf3ef3d4a9f07e.json,31.414213562373096
6141d3ce9cbada84a8676943.json,54.41421356237309
6141cf1ebaaf234b3529019a.json,54.41421356237309
6141fb0f31cf3ef3d4a9f1c8.json,32.236067977499786
61423512baaf234b3529066a.json,54.0
6141d052ee0a3fd43fb47a97.json,30.0
6144e5ba3ac25c70a5c6cda3.json,30.414213562373096
61424b8831cf3ef3d4a9f43e.json,31.23606797749979
614232864e27a1844a5f06ae.json,55.236067977499786
614204803ac25c70a5c6ca6b.json,30.0
61423c31baaf234b3529067c.json,54.41421356237309
6141d8654e27a1844a5f022e.json,52.0
6141d19b3ac25c70a5c6c8b1.json,30.0
6141cf2e31cf3ef3d4a9ed68.json,31.23606797749979
614200a0ee0a3fd43fb47e1b.json,28.0
6141d55b9cbada84a867697d.json,54.0
61433c1231cf3ef3d4a9f710.json,32.236067977499786
6141cf1502d926221cabc54b.json,24.82842712474619
6141d4454e27a1844a5f01a0.json,33.88634951737267
61435e6c31cf3ef3d4a9f748.json,11.650281539872886
6141fe864e27a1844a5f04f8.json,54.0
6141d9ca9cbada84a8676a01.json,54.0
6142ce514e27a1844a5f0938.json,32.236067977499786
6141e0984e27a1844a5f0310.json,54.41421356237309
6141ecdf31cf3ef3d4a9f10c.json,8.60555127546399
6143238c3ac25c70a5c6ccad.json,32.47213595499958
6142374331cf3ef3d4a9f3d6.json,30.414213562373096
6141d5963ac25c70a5c6c8fd.json,30.0
614280113ac25c70a5c6cbe3.json,30.414213562373096
614249ebbaaf234b352906a4.json,54.0
6141cf1202d926221cabc545.json,24.414213562373096
6141cfaf4e27a1844a5f007c.json,53.0
6141dd3531cf3ef3d4a9eff2.json,10.39834563766817
6141d5f6baaf234b35290334.json,52.0
6141cf34baaf234b352901b6.json,54.0
6141d3dbbaaf234b352902ee.json,54.0
6141e14831cf3ef3d4a9f04e.json,9.47213595499958
614214f031cf3ef3d4a9f2d2.json,28.0
614240e2baaf234b3529068c.json,54.0
61420e2831cf3ef3d4a9f298.json,8.23606797749979
6141dee04e27a1844a5f02e8.json,54.41421356237309
614284fa4e27a1844a5f0842.json,55.236067977499786
61425bce31cf3ef3d4a9f4a6.json,31.414213562373096
6142731531cf3ef3d4a9f50c.json,4.0
6141cf2331cf3ef3d4a9ed5a.json,8.06449510224598
6141d6b64e27a1844a5f01f8.json,54.41421356237309
6141d3214e27a1844a5f016c.json,31.23606797749979
6141d7544e27a1844a5f020c.json,35.60555127546399
61427c824e27a1844a5f081e.json,31.23606797749979
6141edbb4e27a1844a5f0406.json,54.0
6142c8db4e27a1844a5f0928.json,30.414213562373096
6141d35abaaf234b352902da.json,53.0
6141deaf31cf3ef3d4a9f014.json,30.0
6141f2d4baaf234b35290506.json,54.0
6142062631cf3ef3d4a9f23c.json,30.0
6141faf031cf3ef3d4a9f1c6.json,30.414213562373096
614216593ac25c70a5c6cab1.json,31.0
6141f82c4e27a1844a5f04a4.json,32.82842712474619
6141ddd3baaf234b352903e0.json,54.0
614218c79cbada84a8676c81.json,52.0
6141f6f3ee0a3fd43fb47dc1.json,28.0
614201e54e27a1844a5f051e.json,54.41421356237309
6141d2d99cbada84a867691b.json,52.0
6141e7c531cf3ef3d4a9f0be.json,31.23606797749979
6141cf7a4e27a1844a5f0060.json,34.65685424949238
6141e1abbaaf234b3529041e.json,53.41421356237309
614230309cbada84a8676cc7.json,54.41421356237309
6141f5329cbada84a8676b93.json,54.0
6141fe0f4e27a1844a5f04f4.json,52.0
6141d88d4e27a1844a5f0234.json,54.0
6141f7acee0a3fd43fb47dcb.json,30.0
6141cf87baaf234b352901ec.json,54.0
6141f50731cf3ef3d4a9f17c.json,31.0
61421536baaf234b352905de.json,54.0
6141cf24ee0a3fd43fb479f7.json,31.23606797749979
6141f652baaf234b35290526.json,52.0
6144d5cc4e27a1844a5f0ad8.json,52.0
6141d41eee0a3fd43fb47b61.json,31.650281539872886
6141d1283ac25c70a5c6c8a5.json,31.0
6143f4714e27a1844a5f0a8c.json,33.0
6143070831cf3ef3d4a9f6c0.json,8.414213562373096
6141d82eee0a3fd43fb47be3.json,31.23606797749979
6141cf6ebaaf234b352901e0.json,52.0
6142425831cf3ef3d4a9f414.json,11.06449510224598
6141dc513ac25c70a5c6c951.json,31.23606797749979
61420eb7baaf234b352905c6.json,54.0
6141d645ee0a3fd43fb47bad.json,30.414213562373096
6142d8693ac25c70a5c6cc59.json,31.414213562373096
6141f6fe31cf3ef3d4a9f194.json,28.0
6141cf4eee0a3fd43fb47a21.json,30.414213562373096
6142336f31cf3ef3d4a9f3bc.json,28.0
6141d261baaf234b352902b0.json,53.41421356237309
6141d70c9cbada84a86769b5.json,54.0
6141cf95ee0a3fd43fb47a4d.json,26.0
6142298831cf3ef3d4a9f378.json,30.414213562373096
6141cf513ac25c70a5c6c859.json,28.0
61420cc031cf3ef3d4a9f28e.json,4.82842712474619
6143a4a73ac25c70a5c6cd21.json,31.0
6141d7b731cf3ef3d4a9ef5e.json,6.82842712474619
6141e59731cf3ef3d4a9f096.json,10.39834563766817
6141cf73ee0a3fd43fb47a39.json,31.23606797749979
6141f6859cbada84a8676b9b.json,54.0
6141ea78baaf234b352904a8.json,55.236067977499786
6141ff4ebaaf234b3529056a.json,54.41421356237309
6141dad44e27a1844a5f0278.json,52.0
6141ff643ac25c70a5c6ca53.json,30.0
6141cfb74e27a1844a5f0080.json,54.0
6141d05331cf3ef3d4a9ee02.json,30.0
614212a6baaf234b352905d4.json,55.236067977499786
6141d59f9cbada84a8676987.json,54.0
6141e0d34e27a1844a5f0314.json,30.162277660168378
614248d44e27a1844a5f0734.json,35.8309518948453
6141df554e27a1844a5f02f2.json,31.0
61427fc731cf3ef3d4a9f542.json,10.478708664619074
61424cbf4e27a1844a5f074e.json,54.0
614204fcbaaf234b35290592.json,53.0
6141cfc09cbada84a8676851.json,53.0
614260e64e27a1844a5f07b8.json,32.16227766016838
6141e34b31cf3ef3d4a9f076.json,8.576491222541474
61426f734e27a1844a5f07ee.json,54.41421356237309
61422bd6ee0a3fd43fb47ed9.json,30.0
6141eb89baaf234b352904b6.json,53.41421356237309
6141d2b331cf3ef3d4a9ee9c.json,9.650281539872886
6141e24d9cbada84a8676aaf.json,54.0
6141d92a3ac25c70a5c6c931.json,30.0
6141ece94e27a1844a5f03f6.json,33.01976483783709
614391c43ac25c70a5c6cd15.json,32.47213595499958
6141cf1cee0a3fd43fb479eb.json,31.23606797749979
6142dc7d3ac25c70a5c6cc61.json,28.0
614201e53ac25c70a5c6ca5f.json,30.0
6141e9d0baaf234b3529049e.json,55.0
6142a63b9cbada84a8676d73.json,52.0
6142cf134e27a1844a5f093c.json,33.01976483783709
6141fe5f31cf3ef3d4a9f1e8.json,8.886349517372675
6141cf4331cf3ef3d4a9ed7e.json,30.414213562373096
6141d4b1ee0a3fd43fb47b75.json,31.0
6141f8a53ac25c70a5c6ca2b.json,28.0
6141d7ed4e27a1844a5f021e.json,31.0
6141e7613ac25c70a5c6c9b9.json,31.414213562373096
6141ec563ac25c70a5c6c9db.json,30.414213562373096
6142680f4e27a1844a5f07ce.json,30.82842712474619
6141d164baaf234b35290280.json,54.0
61432bb631cf3ef3d4a9f6f8.json,30.414213562373096
6141cf3802d926221cabc55b.json,24.414213562373096
6145a7c531cf3ef3d4a9f82c.json,10.799378369507599
61421d7eee0a3fd43fb47ea5.json,31.23606797749979
6141ebf19cbada84a8676b33.json,55.0
6141ee3b9cbada84a8676b4b.json,54.0
61420fe8baaf234b352905cc.json,54.41421356237309
6141e5c2baaf234b3529045c.json,53.0
614221da31cf3ef3d4a9f340.json,8.478708664619074
61424b8a4e27a1844a5f0744.json,29.23606797749979
61420f9b9cbada84a8676c65.json,54.41421356237309
61427af14e27a1844a5f081a.json,34.70820393249937
6141cf36baaf234b352901b8.json,54.41421356237309
6141d03831cf3ef3d4a9edfa.json,10.359173603117451
6142829f4e27a1844a5f0836.json,52.0
6141d0b54e27a1844a5f00e2.json,29.23606797749979
6141d20931cf3ef3d4a9ee78.json,30.414213562373096
614289ea31cf3ef3d4a9f564.json,9.23606797749979
6142255f4e27a1844a5f0656.json,31.12310562561766
6141db9a31cf3ef3d4a9efcc.json,10.70820393249937
61427e249cbada84a8676d59.json,54.0
6142570431cf3ef3d4a9f48c.json,12.06449510224598
6143806031cf3ef3d4a9f76c.json,8.0
6141d17d9cbada84a86768d7.json,54.0
6142dad231cf3ef3d4a9f654.json,8.0
6141cf17cc0e69a0cf28ab45.json,48.0
61420f5d3ac25c70a5c6ca99.json,31.414213562373096
61432d864e27a1844a5f09f0.json,55.0
6141d0a3baaf234b35290252.json,54.0
6141cf7e3ac25c70a5c6c865.json,30.414213562373096
614204c731cf3ef3d4a9f22e.json,8.414213562373096
61422efc31cf3ef3d4a9f39c.json,8.576491222541474
6142715a3ac25c70a5c6cbcd.json,28.0
6141e037baaf234b3529040c.json,55.0
6141cf3b9cbada84a86767fb.json,54.0
61423ad931cf3ef3d4a9f3f2.json,30.82842712474619
61426c429cbada84a8676d47.json,52.0
614256893ac25c70a5c6cb8b.json,29.23606797749979
6142135b31cf3ef3d4a9f2c4.json,30.0
614208fd3ac25c70a5c6ca7f.json,31.650281539872886
6141cf12b842c2e72e2f2d4a.json,48.0
6141db0a4e27a1844a5f027c.json,31.650281539872886
614284bb3ac25c70a5c6cbeb.json,30.414213562373096
6141d7e431cf3ef3d4a9ef64.json,12.47213595499958
614242a39cbada84a8676cef.json,54.0
6142edc94e27a1844a5f097e.json,54.0
614270b44e27a1844a5f07f2.json,52.0
6141cf8531cf3ef3d4a9edaa.json,30.0
6141d37b3ac25c70a5c6c8d9.json,28.0
6141f0ff4e27a1844a5f043e.json,54.0
614312ff31cf3ef3d4a9f6d0.json,30.414213562373096
6141d49bbaaf234b35290308.json,54.41421356237309
61425c7331cf3ef3d4a9f4a8.json,31.414213562373096
61437f8531cf3ef3d4a9f768.json,10.927446638338974
6141d8c39cbada84a86769e5.json,54.0
6141f323ee0a3fd43fb47d9f.json,31.23606797749979
614210c84e27a1844a5f05ae.json,30.82842712474619
614242664e27a1844a5f0710.json,33.84161925296378
6141d18631cf3ef3d4a9ee58.json,30.0
6141cf1ba05be5973bd77a73.json,48.0
614384863ac25c70a5c6cd09.json,31.23606797749979
614204053ac25c70a5c6ca69.json,28.0
614227b831cf3ef3d4a9f36c.json,9.019764837837084
614272f2ee0a3fd43fb47f5b.json,29.23606797749979
6141de9c3ac25c70a5c6c96b.json,30.0
6141f4da4e27a1844a5f0476.json,53.0
6141d05fbaaf234b3529023e.json,54.0
6143cfe031cf3ef3d4a9f7a2.json,28.0
6141f46b31cf3ef3d4a9f176.json,7.650281539872885
61421b3b4e27a1844a5f0608.json,32.47213595499958
6141fb883ac25c70a5c6ca3d.json,26.0
614201d7ee0a3fd43fb47e1f.json,30.0
61421f6531cf3ef3d4a9f328.json,31.0
614600c231cf3ef3d4a9f834.json,6.0
6141e3af4e27a1844a5f0352.json,32.236067977499786
6141d38dee0a3fd43fb47b49.json,28.414213562373096
6141cf6f31cf3ef3d4a9ed9c.json,5.23606797749979
6141d02aee0a3fd43fb47a89.json,30.0
6142d40931cf3ef3d4a9f63e.json,0.0
6141cf4b4e27a1844a5f003e.json,54.41421356237309
6144b1573ac25c70a5c6cd93.json,28.0
6142528731cf3ef3d4a9f468.json,10.403124237432849
614236834e27a1844a5f06c6.json,53.0
6141cf18b842c2e72e2f2d56.json,48.0
61437dc1ee0a3fd43fb47f9b.json,30.414213562373096
6142ea65ee0a3fd43fb47f8b.json,32.47213595499958
6141ee064e27a1844a5f040c.json,54.0
6141fdab4e27a1844a5f04ee.json,34.0
6141f8ae4e27a1844a5f04aa.json,54.0
6141f19c31cf3ef3d4a9f14c.json,5.0
6141dfc9ee0a3fd43fb47c8f.json,30.414213562373096
6142aadb31cf3ef3d4a9f5d2.json,9.65685424949238
6142156f4e27a1844a5f05d8.json,31.23606797749979
61425380baaf234b352906b6.json,54.41421356237309
6141d4d831cf3ef3d4a9eefc.json,28.414213562373096
6141d3a3ee0a3fd43fb47b4d.json,30.0
61424787baaf234b3529069c.json,54.0
614258a931cf3ef3d4a9f494.json,31.414213562373096
6141d16aee0a3fd43fb47ae1.json,30.0
6141daed31cf3ef3d4a9efba.json,8.0
6141f74eee0a3fd43fb47dc7.json,30.82842712474619
6141cf16b842c2e72e2f2d52.json,46.0
6141db54ee0a3fd43fb47c33.json,30.414213562373096
6141d565ee0a3fd43fb47b91.json,31.23606797749979
6141f0d331cf3ef3d4a9f140.json,9.019764837837084
6142509b31cf3ef3d4a9f45c.json,30.0
6141e41e31cf3ef3d4a9f084.json,5.0
614201ed9cbada84a8676bff.json,54.41421356237309
6141f8fd31cf3ef3d4a9f1ac.json,31.23606797749979
6141d0f9baaf234b35290268.json,55.0
6142a5e631cf3ef3d4a9f5c4.json,8.99070478491457
6141f3849cbada84a8676b83.json,54.41421356237309
6141e5d94e27a1844a5f037e.json,31.82842712474619
6141dca431cf3ef3d4a9efe8.json,31.0
614245444e27a1844a5f071c.json,32.47213595499958
6141d172ee0a3fd43fb47ae3.json,30.0
614285c84e27a1844a5f0848.json,55.236067977499786
61421fb831cf3ef3d4a9f32c.json,8.414213562373096
6142ac794e27a1844a5f08dc.json,53.0
6141e0dcbaaf234b35290412.json,54.0
6141e49cbaaf234b3529044c.json,54.0
614258284e27a1844a5f078e.json,55.236067977499786
6141f1149cbada84a8676b6f.json,54.236067977499786
6141deb79cbada84a8676a71.json,52.0
61427d7b31cf3ef3d4a9f536.json,30.414213562373096
6141d8f59cbada84a86769eb.json,51.0
614203b43ac25c70a5c6ca67.json,31.650281539872886
6142138131cf3ef3d4a9f2c6.json,11.071067811865476
6143088a3ac25c70a5c6cc91.json,28.414213562373096
6141e1ab9cbada84a8676aa5.json,55.236067977499786
6141d43431cf3ef3d4a9eee0.json,31.0
614224e2baaf234b3529062c.json,54.0
6141d0f29cbada84a86768b3.json,54.0
614239399cbada84a8676cd9.json,52.0
61426b2231cf3ef3d4a9f4ee.json,30.414213562373096
61420e7231cf3ef3d4a9f29c.json,28.414213562373096
6141f893baaf234b35290534.json,54.0
6141eac53ac25c70a5c6c9cf.json,30.82842712474619
6141d92131cf3ef3d4a9ef88.json,6.82842712474619
6141fefd31cf3ef3d4a9f1f0.json,8.16227766016838
6142837e31cf3ef3d4a9f54e.json,9.39834563766817
6141cf25baaf234b352901a4.json,54.41421356237309
6141e899baaf234b3529048c.json,54.0
6141e005baaf234b35290408.json,54.0
614213ffee0a3fd43fb47e79.json,30.0
6143c0063ac25c70a5c6cd31.json,30.0
6141d8e29cbada84a86769e9.json,54.0
6143b5014e27a1844a5f0a74.json,32.16227766016838
6141d7944e27a1844a5f0212.json,33.84161925296378
61429d3a31cf3ef3d4a9f5ac.json,28.414213562373096
6141cf2eb842c2e72e2f2d62.json,48.0
6141d01e31cf3ef3d4a9edf0.json,7.650281539872885
6141f7eb9cbada84a8676ba5.json,54.41421356237309
6141e0f231cf3ef3d4a9f046.json,8.414213562373096
6141d66f4e27a1844a5f01ee.json,54.0
6141e26b4e27a1844a5f0338.json,30.414213562373096
614238f34e27a1844a5f06d4.json,31.23606797749979
61426f414e27a1844a5f07ec.json,54.0
61421a17baaf234b352905f8.json,55.236067977499786
6142361e31cf3ef3d4a9f3d0.json,9.812559200041264
61424b5f4e27a1844a5f0742.json,31.576491222541474
6142018c9cbada84a8676bfb.json,51.0
6141e6744e27a1844a5f038c.json,54.0
6142131abaaf234b352905d6.json,54.41421356237309
6142119a9cbada84a8676c6d.json,54.41421356237309
6141f09a4e27a1844a5f0438.json,55.0
6141d3de4e27a1844a5f018e.json,30.414213562373096
6141d03331cf3ef3d4a9edf8.json,6.0
61420af331cf3ef3d4a9f276.json,29.0
61422120baaf234b35290614.json,54.0
6141d36fee0a3fd43fb47b45.json,31.23606797749979
6142d3963ac25c70a5c6cc57.json,30.82842712474619
6141d4234e27a1844a5f019a.json,34.41421356237309
614235e04e27a1844a5f06c2.json,35.8309518948453
6141e68a4e27a1844a5f038e.json,55.0
6141cf774e27a1844a5f005e.json,55.0
6141fa2631cf3ef3d4a9f1be.json,28.0
61424033ee0a3fd43fb47f0b.json,28.414213562373096
61422750baaf234b3529063c.json,54.0
6142d56c31cf3ef3d4a9f644.json,28.0
6141e6dd31cf3ef3d4a9f0ae.json,32.236067977499786
6141d2489cbada84a8676901.json,54.0
6142048631cf3ef3d4a9f22a.json,32.236067977499786
6142901e4e27a1844a5f0874.json,54.41421356237309
6142a18a4e27a1844a5f08ba.json,32.57649122254148
614209f84e27a1844a5f056e.json,29.23606797749979
6141d1613ac25c70a5c6c8ab.json,28.0
6142db3c4e27a1844a5f0954.json,54.0
6141da52baaf234b352903a6.json,54.236067977499786
61421731baaf234b352905ec.json,54.0
6142725fee0a3fd43fb47f59.json,26.0
614429fe31cf3ef3d4a9f7da.json,30.414213562373096
6141cf17b842c2e72e2f2d54.json,49.0
614416103ac25c70a5c6cd5f.json,31.23606797749979
6141f8cebaaf234b35290536.json,54.0
6142339c31cf3ef3d4a9f3be.json,30.414213562373096
6141d31e9cbada84a8676927.json,54.0
61421adbee0a3fd43fb47e97.json,28.414213562373096
6142986d3ac25c70a5c6cc0b.json,31.23606797749979
6141de644e27a1844a5f02da.json,54.41421356237309
6141eea04e27a1844a5f0416.json,54.41421356237309
6142e4d34e27a1844a5f0966.json,52.0
614205604e27a1844a5f0540.json,32.099019513592786
6141d1a49cbada84a86768e1.json,55.16227766016838
61448c2231cf3ef3d4a9f7fc.json,31.23606797749979
6141d2674e27a1844a5f014a.json,35.16227766016838
6142b4024e27a1844a5f08f0.json,53.0
614426d331cf3ef3d4a9f7d8.json,8.414213562373096
6141d3789cbada84a8676937.json,52.0
614208cb4e27a1844a5f0560.json,35.33508749109257
6141cfd931cf3ef3d4a9edd4.json,10.255832815336873
6141d3949cbada84a867693d.json,55.236067977499786
6142bb1c31cf3ef3d4a9f602.json,31.23606797749979
6141f41a4e27a1844a5f046a.json,34.3851648071345
6141e73fbaaf234b35290476.json,54.0
6141f989ee0a3fd43fb47ddf.json,28.414213562373096
6141f06f9cbada84a8676b67.json,54.0
